50 0 236
0
1
2
3
4
5
6
7
8
9
10
11
12
13
14
15
16
17
18
19
20
21
22
23
24
25
26
27
28
29
30
31
32
33
34
35
36
37
38
39
40
41
42
43
44
45
46
47
48
49
0 1 2 3 4 5 6 7 8 9 10 11 12 13 14 15 16 17 18 19 20 21 22 23 24 25 26 27 28 29 30 31 32 33 34 35 36 37 38 39 40 41 42 43 44 45 46 47 48 49
0 3 4 9 13 24 49
8 10 17 26 29 33 35 37 39 41 43
5 6 46
0 3 4 13 49
0 3 13 49
8 10 18 35
5 28
0 9 49
5 6
0 2 3 7 8 10 11 12 13 15 16 21 22 23 25 26 31 32 38 45 48 49
6
0 2 3 7 8 10 11 12 13 15 16 21 25 26 31 32 45 48 49
0 8 10 11 12 13 18 24 45 48
11 22 38
0 2 4 5 6 8 9 11 12 14 18 19 20 21 25 26 27 28 30 32 34 35 45 46 47 49
0 2 5 6 8 9 11 12 14 19 20 21 22 23 25 26 28 30 32 34 38 45 46 47 49
0 2 8 11 12 14 20 21 22 23 25 26 30 32 38 45 47 49
6 8 18
0 2 4 8 11 12 18 21 22 23 25 26 27 32 35 38 39 40 45 49
38 40
2 7 14 15
0 2 8 11 12 21 25 26 32 45 49
2
0 8 9 11 12 18 22 23 45 46
0 1 2 3 4 7 11 12 13 14 15 16 20 21 24 25 27 30 31 32 36 45 47 48 49
0 1 2 3 7 11 12 13 14 15 16 20 21 24 25 30 31 32 36 45 47 48 49
0 5 9 11 12 13 22 23 24 45 46 48
6 17 29 42
0 2 3 4 7 9 11 12 13 15 16 19 21 25 27 31 32 34 45 46 48 49
0 11 12 13 22 23 24 45 48
0 2 3 7 11 12 13 15 16 21 22 23 25 31 32 38 45 48 49
0 11 12 13 22 23 45 48
0 2 3 7 11 12 13 15 16 21 25 31 32 45 48 49
8 26 35 37 39 40 43
6 8 26 35
0 2 4 5 9 11 12 14 19 20 21 25 27 28 30 32 34 45 46 47 49
0 2 5 9 11 12 14 19 20 21 25 28 30 32 34 45 46 47 49
8 26 35
8 35 37 39 43
0 5 9 10 11 13 22 24 45 46 48
8 35 39
8 29 33 37
0 2 3 4 7 10 11 13 15 16 18 21 22 25 27 31 38 45 48 49
26 29 41
0 11 18 45
26 35 39 40 41 43
0 2 3 7 9 10 11 13 15 16 19 21 25 31 45 46 48 49
0 2 4 5 9 11 14 18 19 20 21 22 25 27 28 30 38 45 46 47 49
0 11 13 24 45 48
26 35 39 40
0 1 2 3 4 5 7 9 11 13 14 15 16 19 20 21 22 24 25 27 28 30 31 36 38 45 46 47 48 49
0 1 2 3 4 7 11 13 14 15 16 20 21 24 25 27 30 31 36 45 47 48 49
1 3 7 10 13 15 16 17 24 29 31 33 36 41 48
0 1 2 3 5 7 9 11 13 14 15 16 19 20 21 24 25 28 30 31 36 45 46 47 48 49
3 7 10 13 15 16 29 31 33 41 48
0 8 10 12 13 23 24
1 3 7 13 15 16 24 31 36 48
0 2 3 4 7 9 11 13 15 16 19 21 25 27 31 45 46 48 49
0 2 3 4 7 11 13 15 16 21 25 27 31 45 48 49
0 2 3 7 9 11 13 15 16 19 21 22 25 31 38 45 46 48 49
0 2 4 11 14 20 21 22 25 27 30 38 45 47 49
0 8 9 12 23
0 2 4 11 14 20 21 25 27 30 45 47 49
0 8 12
10 13 15 24 31 33
0 12 13 24
0 2 4 11 21 25 27 45 49
13 15 24 31
3 10 13 48
3 10 13 17 24 29 33
3 10 13 29 33
0 2 3 4 7 8 9 10 12 13 15 21 23 25 26 27 29 31 32 33 34 35 39 41 49
3 13
1 3 4 6 7 14 16 17 20 21 26 27 29 30 36 40 41 42 44 47 49
1 3 4 7 14 16 17 20 21 26 27 29 30 36 40 41 47 49
1 3 6 7 14 16 17 20 21 26 30 36 47 49
10 13 24 33
0 2 8 9 12 14 21 23 25 26 30 32 34 49
3 7 16 29 41
4 14 20 21 26 27 30 47 49
1 3 4 7 14 16 17 20 21 27 30 36 47 49
1 3 17 29
0 2 3 4 7 9 12 13 14 15 21 23 24 25 27 30 31 32 34 36 49
3 4 7 16 21 27 49
1 3
3 29
16 31 36 41
3 7 21 26 49
0 2 3 4 7 9 12 13 15 21 25 27 31 32 34 49
14 21 26 30 49
0 2 3 7 9 12 13 15 21 23 25 31 32 34 49
0 2 4 9 12 14 21 23 25 27 30 32 34 49
0 2 12 14 21 23 25 30 32 49
10 29 33
1 3 17 47 49
1 3 47 49
47 49
5 14 20 28 30 47
0 2 3 7 10 13 15 21 25 31 49
0 2 3 4 7 9 13 14 15 21 24 25 27 30 31 36 49
0 2 3 7 9 13 14 15 21 24 25 30 31 36 49
1 17 24 37 47
0 2 9 14 21 25 30 49
16 19 20 21 25 26 28 30 31 32 34 36
37 47
16 19 21 25 26 27 31 32 34 35
1 6 14 17 20 30 36 47
19 20 21 25 26 27 28 30 32 34 35
0 2 8 10 11 12 13 15 18 22 23 25 31 32 33 35 38 39 45 48
20 21 25 26 30 32 38
0 2 8 9 10 11 12 13 15 18 19 25 31 32 34 35 45 46 48
1 14 20 30 36 47
0 2 8 11 12 22 23 25 32 38 45
16 19 21 25 27 31 32 34
30 36
0 2 9 11 12 13 15 19 25 31 32 34 45 46 48
6 17
17 24 36
24 36
0 2 9 10 11 13 15 18 19 25 31 45 46 48
1 17
17
0 2 10 11 13 15 25 31 45 48
4 18 27 29 33 35 37 39 40 41 42 43 44
4 18 27 35 37 39 40 42 43 44
4 18 27 35 39 40
19 20 21 25 27 28 30 38
4 18 27
0 2 11 13 15 22 24 25 31 38 45 48
19 20 21 25 27 28 30
0 2 5 9 11 19 25 28 45 46
4 29 33
0 2 8 10 12 13 15 23 24 25 31 32 33 35 37 39 43
4 27 29 40 41 42 44
21 25 26 27 30 31 32 35 36
21 25 26 27 31 32 35 39 41
21 25 26 27 30 32 34 35
27 35 39 40 43 44
0 2 8 12 23 25 32 35 37 39 43
27 35 39 40
21 25 26 30 32
27 35 39 41
0 2 8 12 23 25 32
21 25 30 31 32 34 36
0 2 9 12 13 15 24 25 31 32 34
18 29 33 35 37 39 40 41 43
21 25 31 32 34
21 25 31 32
21 25 30 32
21 25 27 32 34
0 2 12 25 32
21 25 32 34
0 2 10 13 15 24 25 31
0 2 13 15 24 25 31
21 25 30
35 37 39 40 42 43 44
25 31 32 35 38 39
0 1 3 5 6 8 9 10 11 12 13 17 24 45 46 47 48 49
33 35 37 39 43
35 39 40 41 43
0 3 8 9 10 11 12 13 45 46 48 49
35 39 41 43
0 4 8 11 12 18 45 47 49
25 32 38
19 25 28 31
0 8 11 12 45 47 49
0 4 8 11 12 18 22 23 45 49
19 25 28
19 25 38
25 38
19 25
22 23 29 33
22 23 33 37
25 31 32 34 35
0 3 9 11 12 13 22 23 45 46 48 49
0 3 11 12 13 22 23 45 48 49
25
0 4 5 9 11 12 45 46 47 49
16 20 21 26 27 30 36 40 41 44
20 21 26 27 30
23 37 42
23 33
0 1 3 5 9 10 11 13 17 22 24 45 46 47 48 49
29 33 39 40 41
21 26 27 41
0 3 4 9 10 11 13 18 22 45 46 48 49
0 3 4 9 10 11 13 18 45 46 48 49
37 39 43
0 3 10 11 13 45 48 49
29 40 41 42 44
21 27
0 4 5 9 11 18 22 45 46 47 49
21
39 41 43
8 12 23 26 29 32 33 34 35 37 39 41 43
40 44
29 33 41
37 43
0 4 5 9 11 22 45 46 47 49
0 5 9 11 45 46 47 49
1 16 20 45 47 48
20 45 47
0 9 11 22 45 46 49
8 12 32 34
5 6 45 46 47
0 3 4 8 10 12 13 17 24 49
0 3 8 10 12 13 17 23 24 49
45 46 48
45 48
0 3 4 8 9 10 12 13 49
0 3 4 8 10 12 13 49
8 12
12
0 4 8 12 49
26 32 35 39 40 41
0 8 9 12 23 49
0 8 12 23 49
16
5 6 20 28 47
0 3 4 12 13 24 49
6 20 47
32 35 39 43
0 3 12 13 23 49
1
32 34
0 4 9 12 49
9 19 34 46
8 10 17 18 26 29 33 35 37 39 40 41 43
0 9 12 49
9 34
0 12 49
8 10 17 18 26 35
8 10 18 26 29 33 35 39 40 41
6 8 18 26 35 37 39 40 42 43 44
6 8 18 26 35
