50 0 473
0
1
2
3
4
5
6
7
8
9
10
11
12
13
14
15
16
17
18
19
20
21
22
23
24
25
26
27
28
29
30
31
32
33
34
35
36
37
38
39
40
41
42
43
44
45
46
47
48
49
0 1 2 3 4 7 8 10 11 12 13 14 15 16 17 18 20 21 24 25 26 27 30 31 32 35 36 45 47 48 49
0 1 2 3 5 6 7 8 9 10 11 12 13 14 15 16 17 19 20 21 22 23 24 25 26 28 30 31 32 34 36 38 45 46 47 48 49
0 1 2 3 5 6 7 8 9 10 11 12 13 14 15 16 17 19 20 21 24 25 26 28 30 31 32 34 36 45 46 47 48 49
0 2 3 4 7 8 9 10 11 12 13 15 16 18 19 21 22 23 25 26 27 29 31 32 33 34 35 38 39 40 41 45 46 48 49
8 10 18 35
8 18 35 37 39 43
0 2 3 7 8 9 10 11 12 13 15 16 19 21 22 23 25 26 31 32 34 38 45 46 48 49
0 2 3 7 8 10 11 12 13 15 16 21 25 26 31 32 45 48 49
0 2 4 5 6 8 9 11 12 14 18 19 20 21 22 23 25 26 27 28 30 32 34 35 37 38 39 40 42 43 44 45 46 47 49
8 10 17 18 29 33 37
8 10 18 29 33
0 2 8 11 12 14 20 21 25 26 30 32 45 47 49
0 2 4 8 9 11 12 18 19 21 22 23 25 26 27 32 34 35 38 39 40 45 46 49
10 17 18
8 10 17 29 33 37
0 2 4 8 9 11 12 18 19 21 25 26 27 32 34 35 45 46 49
8 10 18 33
0 1 2 3 4 5 7 9 11 12 13 14 15 16 19 20 21 22 23 24 25 27 28 30 31 32 34 36 38 45 46 47 48 49
8 10 33 37
0 1 2 3 4 7 11 12 13 14 15 16 20 21 24 25 27 30 31 32 36 45 47 48 49
8 10 33
8 10
6 17 26 29 40 41 42 44
0 1 2 3 5 7 9 11 12 13 14 15 16 19 20 21 24 25 28 30 31 32 34 36 45 46 47 48 49
17 26
6 17 29 42
0 2 3 4 7 9 11 12 13 15 16 19 21 25 27 31 32 34 45 46 48 49
8 26 29 33 35 37 39 40 41 43
0 2 3 7 9 11 12 13 15 16 19 21 22 23 25 31 32 34 38 45 46 48 49
0 2 3 7 9 11 12 13 15 16 19 21 25 31 32 34 45 46 48 49
6 8 26 35 37 39 40 42 43 44
0 2 3 7 11 12 13 15 16 21 25 31 32 45 48 49
8 26 35 39 40
0 2 5 9 11 12 14 19 20 21 22 23 25 28 30 32 34 38 45 46 47 49
0 2 11 12 14 20 21 25 30 32 45 47 49
0 2 4 11 12 21 22 23 25 27 32 38 45 49
8 33 35 37 39 43
0 2 4 11 12 21 25 27 32 45 49
0 2 9 11 12 19 21 22 23 25 32 34 38 45 46 49
8 35
6 8 29 33 37 42
0 2 11 12 21 25 32 45 49
6 8
0 1 2 3 4 7 10 11 13 14 15 16 17 18 20 21 22 24 25 27 30 31 36 38 45 47 48 49
0 1 2 3 4 7 10 11 13 14 15 16 17 18 20 21 24 25 27 30 31 36 45 47 48 49
8
0 1 2 3 5 7 9 10 11 13 14 15 16 17 19 20 21 24 25 28 30 31 36 45 46 47 48 49
0 2 3 4 7 9 10 11 13 15 16 18 19 21 25 27 31 45 46 48 49
0 2 3 4 7 10 11 13 15 16 18 21 25 27 31 45 48 49
6 29 42
0 2 3 7 10 11 13 15 16 21 22 25 31 38 45 48 49
0 2 3 7 9 10 11 13 15 16 19 21 25 31 45 46 48 49
0 2 3 7 10 11 13 15 16 21 25 31 45 48 49
0 2 4 5 9 11 14 18 19 20 21 22 25 27 28 30 38 45 46 47 49
26 35 39 40
0 2 4 9 11 18 19 21 22 25 27 38 45 46 49
0 2 4 11 18 21 22 25 27 38 45 49
0 2 4 9 11 18 19 21 25 27 45 46 49
26 35
26 40 41 44
0 1 2 3 4 5 7 9 11 13 14 15 16 19 20 21 24 25 27 28 30 31 36 45 46 47 48 49
0 1 2 3 4 7 11 13 14 15 16 20 21 24 25 27 30 31 36 45 47 48 49
0 1 2 3 5 7 9 11 13 14 15 16 19 20 21 22 24 25 28 30 31 36 38 45 46 47 48 49
0 1 2 3 7 11 13 14 15 16 20 21 24 25 30 31 36 45 47 48 49
3 7 10 13 15 16 29 31 33 41 48
0 2 3 4 7 11 13 15 16 21 22 25 27 31 38 45 48 49
3 7 13 15 16 31 48
0 2 3 4 7 11 13 15 16 21 25 27 31 45 48 49
3 7 10 13 15 29 31 33 41
3 7 10 13 15 17 24 31 36
3 7 10 13 15 31
3 7 13 15 24 31 36
3 7 13 15 31
0 2 5 9 11 14 19 20 21 25 28 30 45 46 47 49
10 13 15 24 31
0 2 4 9 11 19 21 25 27 45 46 49
0 2 4 11 21 25 27 45 49
13 15 31
1 3 10 13 17 24 29 33 48
1 3 10 13 17 24 48
0 2 3 4 7 8 10 12 13 14 15 17 21 23 24 25 26 27 29 30 31 32 33 35 36 37 39 41 43 49
1 3 13 24 48
3 10 13 17 24 29 33
0 2 3 7 8 10 12 13 14 15 17 21 23 24 25 26 30 31 32 36 49
0 2 3 7 8 9 10 12 13 14 15 17 21 24 25 26 30 31 32 34 36 49
3 13 24
0 2 3 4 7 8 10 12 13 15 21 23 25 26 27 29 31 32 33 35 39 41 49
10 13 24 33 48
0 2 3 4 7 8 9 10 12 13 15 21 25 26 27 31 32 34 35 49
0 2 3 7 8 10 12 13 15 21 23 25 26 31 32 49
10 13 48
0 2 4 8 9 12 14 21 23 25 26 27 30 32 34 35 37 39 43 49
10 13 24
3 7 16 29 41
1 3 7 16 17 36
0 2 4 8 9 12 21 25 26 27 32 34 35 49
3 7 17 29 36 41
3 7 29 41
0 2 8 12 21 23 25 26 32 49
3 7 36
0 2 8 12 21 25 26 32 49
3 7
0 2 3 7 12 13 14 15 21 23 24 25 30 31 32 36 49
3 17
3
0 2 3 7 12 13 14 15 21 24 25 30 31 32 36 49
0 2 3 4 7 9 12 13 15 21 23 25 27 31 32 34 49
0 2 3 4 7 9 12 13 15 21 25 27 31 32 34 49
0 2 3 7 9 12 13 15 21 23 25 31 32 34 49
0 2 3 7 12 13 15 21 23 25 31 32 49
0 2 3 7 9 12 13 15 21 25 31 32 34 49
16 36 41
0 2 3 7 12 13 15 21 25 31 32 49
0 2 4 12 14 21 23 25 27 30 32 49
16 36
10 17 29 33 41
0 2 4 12 14 21 25 27 30 32 49
10 17 29 33
0 2 12 14 21 23 25 30 32 49
10 29 33
10 17
10 33
10
0 2 9 12 21 23 25 32 34 49
1 5 6 14 17 20 24 28 30 36 37 42 43 44 47
0 2 12 21 23 25 32 49
0 2 9 12 21 25 32 34 49
5 6 14 20 28 30 47
1 5 14 17 20 24 28 30 36 47
0 2 3 7 10 13 14 15 17 21 24 25 30 31 36 49
1 14 17 20 24 30 36 47
0 2 3 4 7 9 10 13 15 21 25 27 31 49
1 14 20 24 30 36 47
5 14 20 28 30 47
14 17 24 30 36 37 43
14 30 37 43
0 2 3 4 7 9 13 14 15 21 24 25 27 30 31 36 49
14 24 30 36
24 37 43
0 2 3 7 9 13 15 21 25 31 49
0 2 3 7 13 15 21 25 31 49
1 17 24 37 47
1 5 6 17 24 47
1 5 17 24 47
1 5 24 47
0 2 5 8 9 10 11 12 13 15 18 19 24 25 28 31 32 34 35 45 46 48
1 6 14 17 20 30 36 42 44 47
0 2 8 10 11 12 13 15 22 23 24 25 31 32 38 45 48
6 14 20 30 47
0 2 8 9 10 11 12 13 15 18 19 22 23 25 31 32 33 34 35 38 39 45 46 48
1 14 17 20 30 36 47
0 2 8 9 10 11 12 13 15 18 19 25 31 32 34 35 45 46 48
14 20 30 47
14 17 30 36
0 2 8 10 11 12 13 15 22 23 25 31 32 38 45 48
1 6 17 42 47
0 2 8 11 12 18 22 23 25 32 35 37 38 39 43 45
1 17 47
20 28 30 43 44
0 2 8 11 12 18 22 23 25 32 35 38 39 45
0 2 8 11 12 18 25 32 35 45
0 2 8 9 11 12 19 22 23 25 32 34 38 45 46
28 43
0 2 5 9 11 12 13 15 19 22 23 24 25 28 31 32 34 38 45 46 48
20 30
6 17 37 42 43 44
0 2 9 11 12 13 15 19 25 31 32 34 45 46 48
6 17 37 42
6 17 42 44
0 2 11 12 22 23 25 32 38 45
6 37 42 43 44
0 2 5 9 10 11 13 15 18 19 22 24 25 28 31 38 45 46 48
1 24 36
0 2 5 9 10 11 13 15 19 24 25 28 31 45 46 48
1 36
17 36
36
17
4 18 27 29 33 35 37 39 40 41 42 43 44
0 2 5 9 11 18 19 22 25 28 38 45 46
0 2 5 9 11 13 15 19 22 24 25 28 31 38 45 46 48
0 2 11 13 15 24 25 31 45 48
0 2 9 11 13 15 19 22 25 31 38 45 46 48
0 2 9 11 13 15 19 25 31 45 46 48
0 2 11 13 15 25 31 45 48
4 18 29 33 37
0 2 9 11 19 22 25 38 45 46
0 2 11 22 25 38 45
0 2 9 11 19 25 45 46
4 29 33 37
4 29 33
0 2 8 9 10 12 13 15 24 25 31 32 34 35
0 2 8 10 12 13 15 24 25 31 32 35
4 27 29 40 41
4 27 40
0 2 8 10 12 13 15 24 25 31 32
0 2 8 9 10 12 13 15 23 25 31 32 33 34 35 39
0 2 8 9 10 12 13 15 23 25 31 32 34
0 2 8 9 10 12 13 15 25 31 32 34
27 35 39 40 43 44
0 2 8 9 12 23 25 32 34 35 39
0 2 8 12 23 25 32 35 39
0 2 8 9 12 25 32 34 35
27 35 39
0 2 8 12 25 32
27 41
0 2 12 13 15 24 25 31 32
0 2 9 12 13 15 23 25 31 32 34
18 29 33 35 37 39 40 41 43
18 35 37 39 40 42 43 44
18 35 37 39 40 43
18 35 39
18 37 42
18 33 37
0 2 9 25
29 33 35 37 39 40 41 42 43 44
29 33 35 37 39 40 41 43
29 33 35 39 40 41
0 1 3 8 10 11 12 13 17 22 23 24 45 47 48 49
0 1 3 5 6 8 9 10 11 12 13 17 24 45 46 47 48 49
33 35 39
35 37 39 43
0 3 4 8 10 11 12 13 18 22 23 29 33 45 48 49
35 39 40 41 43 44
35 39 40 41
35 39 40 43
0 3 8 10 11 12 13 45 48 49
35 39 41 43
0 4 5 6 8 9 11 12 18 22 23 37 42 45 46 47 49
0 4 8 11 12 18 22 23 37 45 47 49
35 39 43
35 39
35
0 8 11 12 22 23 45 47 49
22 23 29 33 38 39 40 41
22 23 38 39 40
22 23 33 37 38 39 43
0 8 11 12 22 23 45 49
22 23 29 33
0 1 3 4 11 12 13 24 45 47 48 49
0 3 4 11 12 13 22 23 45 48 49
38 39 40 43 44
0 3 9 11 12 13 22 23 45 46 48 49
38 39 40
38 39 43
23 29 33 37 39 40 41 42 43 44
0 11 12 45 47 49
0 4 11 12 22 23 45 49
23 39
23 29 33 37 42
23 37 42
0 11 12 22 23 45 49
23 29 33
0 1 3 4 5 9 10 11 13 17 18 22 24 45 46 47 48 49
0 1 3 4 10 11 13 17 18 22 24 45 47 48 49
29 33 39 40 41
37 39 40 43
0 3 4 9 10 11 13 18 22 45 46 48 49
0 3 4 10 11 13 18 22 45 48 49
33 37 39 43
0 3 10 11 13 45 48 49
29 40 41
40 42 44
0 4 11 18 45 47 49
0 4 9 11 18 22 45 46 49
39 40 41 43 44
39 40 41 43
0 4 11 18 22 45 49
0 1 3 11 13 24 45 47 48 49
29 33
33
29 41
41
0 3 9 11 13 45 46 48 49
37
43
5 6 19 20 28 45 46 47
0 4 9 11 45 46 49
0 4 11 45 49
0 11 22 45 49
19 45 46 48
5 19 28 45 46
19 45 46
1 5 6 45 46 47 48
0 3 4 8 10 12 13 17 23 24 29 33 37 49
1 5 45 46 47 48
1 45 47 48
45 47
45 48
5 45 46
45 46
1 6 16 20 47
1 16 20 47
16 19 20 28
0 3 8 10 12 13 49
16 19
0 4 8 9 12 23 37 49
0 4 8 9 12 23 49
16 48
0 4 8 9 12 49
0 8 9 12 49
0 3 4 12 13 23 24 49
0 3 4 12 13 24 49
5 47
1 6 20 47
6 47
1 47
0 3 12 13 23 49
0 3 12 13 49
9 19 34 46
0 12 49
5 9 46
0 3 9 10 13 17 24 49
0 3 10 13 17 24 49
9
0 3 4 10 13 49
0 3 9 13 24 49
19
0 4 9 49
5 6 28
6
11 18 22 38 40
0 5 8 9 10 11 12 13 18 24 45 46 48
0 5 8 9 10 11 12 13 22 23 24 45 46 48
0 5 8 9 10 11 12 13 24 45 46 48
0 8 9 10 11 12 13 18 22 23 33 45 46 48
11
22 38
0 5 8 9 11 12 22 23 45 46
0 5 8 9 11 12 45 46
0 8 9 11 12 18 22 23 45 46
7 14
15
0 8 9 11 12 22 23 45 46
42 44
0 8 9 11 12 45 46
42
0 9 11 12 13 45 46 48
0 11 12 13 45 48
0 11 12 22 23 45
0 11 12 45
0 10 11 13 18 22 24 45 48
0 10 11 13 18 24 45 48
0 10 11 13 24 45 48
0 10 11 13 18 22 45 48
0 9 10 11 13 18 45 46 48
0 10 11 13 18 45 48
0 9 11 18 22 45 46
0 11 13 24 45 48
0 9 11 13 22 45 46 48
0 8 9 12 23
0 8 12 23
0 8 12
0 9 12 13 23 24
0 9 12 13 23
0 9 12
0 10 13
0 9 13 24
0 13
0 9
1 3 4 7 14 16 17 20 21 26 27 30 36 47 49
4 14 20 21 26 27 30 47 49
6 14 20 21 26 30 47 49
1 3 4 7 14 16 17 20 21 27 30 36 47 49
3 7 16 21 49
14 20 21 30 47 49
3 4 7 14 17 21 26 27 29 30 36 41 49
14 21 26 30 49
3 4 7 14 21 27 30 36 49
3 7 14 21 30 36 49
21 49
1 3 4 17 29 47 49
1 3 4 6 17 47 49
4 6 47 49
1 3 4 17 47 49
1 3 17 47 49
3 4 29 49
3 17 49
16 19 20 21 25 26 27 28 30 31 32 34 35 36
16 20 21 25 26 27 30 31 32 35 36
16 19 21 25 26 27 31 32 34 35 38 39 40 41
16 19 21 25 26 27 31 32 34 35
16 21 25 26 27 31 32 35
19 20 21 25 26 27 28 30 32 34 35
20 21 25 26 30 32 38
19 20 21 25 26 28 30 32 34
19 21 25 26 27 32 34 35 38 39 40
19 21 25 26 27 32 34 35
16 19 20 21 25 28 30 31 32 34 36
16 19 21 25 27 31 32 34 38
19 20 21 25 27 28 30 32 34
20 21 25 30 32
21 25 27 32 38
19 21 25 32 34
16 19 20 21 25 27 28 30 31 36 38
16 20 21 25 27 30 31 36 38
16 19 20 21 25 27 28 30 31 36
16 20 21 25 30 31 36 38
16 19 21 25 27 31 38
16 21 25 27 31 38
19 20 21 25 27 28 30
20 21 25 27 30
19 20 21 25 28 30 38
20 21 25 30 38
19 21 25 27 38
21 25 27 38
19 21 25 27
19 21 25 38
21 25 26 27 30 31 32 34 35 36 39 41 43
21 25 26 30 31 32 34 36
21 25 26 27 31 32 34 35
21 25 26 27 30 32 35 39 43
21 25 26 30 32 34
21 25 26 27 32 34 35 39
21 25 26 27 32 35
21 25 26 32
21 25 30 31 32 34 36
21 25 27 31 32 34
21 25 31 32
21 25 30 32 34
21 25 30 32
21 25 27 32
21 25 32
21 25 31
25 31 32 35 38 39 43
19 25 28 31 32 34 35
25 31 32 35 38 39
19 25 31 32 34 35
19 25 32 34 35
19 25 28 31 32 34
19 25 28 32 34 38
19 25 28 32 34
25 32 38
19 25 32 34
19 25 28 38
25 32 35 39 43
25 32 34 35 39
25 31 32
25 32 34
16 20 21 26 27 30 36 40 41 44
16 20 21 26 30 36
16 21 26 27 40 41
20 21 26 30
16 21 27
20 21 27 30
21 26 30 36
21 26
8 12 23 26 29 32 33 34 35 39 40 41
6 8 12 26 32 34 35
8 12 23 26 32 34 35 39 40
8 12 23 26 32 34 35 39
8 12 26 32 35
8 12 23 32 33 35 39
8 12 23 32 34 35 37 39 43
8 12 23 32 35 37 39 43
8 12 32 34 35
8 12 23 32
12 23 32 34
6 8 12 23 37 42
8 12 23 33
12 23
26 32 34 35 39 40 41 43 44
26 32 35 39 40 41 43
26 32 35 39 40 43
26 32 35 39 40
26 32 34 35 39 41 43
26 32 34 35 39 41
26 32 34 35 39
32 35 39 43
32 35 39
32 34
8 10 18 26 29 33 35 39 40 41
6 8 18 26 35 37 39 40 42 43 44
