50 0 157
0
1
2
3
4
5
6
7
8
9
10
11
12
13
14
15
16
17
18
19
20
21
22
23
24
25
26
27
28
29
30
31
32
33
34
35
36
37
38
39
40
41
42
43
44
45
46
47
48
49
20 28 30 43 44
27 35 39 40 43 44
5 6 46
19 21 25
26 32 34 35 39 40 43 44
8 12 23 32 33 34 35 39
0 8 10 12 13 24
0 2 5 8 9 10 11 12 13 15 19 24 25 28 31 32 34 45 46 48
0 2 8 10 11 12 13 15 18 24 25 31 32 35 45 48
0 1 2 3 4 5 7 9 10 11 13 14 15 16 17 18 19 20 21 22 24 25 27 28 30 31 36 38 45 46 47 48 49
0 2 3 7 12 13 15 21 23 25 31 32 49
0 2 8 10 11 12 13 15 22 23 24 25 31 32 38 45 48
1 5 6 14 17 20 24 28 30 36 37 42 43 44 47
0 2 8 9 10 12 13 15 23 24 25 31 32 34
0 2 3 4 7 9 10 13 15 21 25 27 31 49
17 29
16 21 25 31
0 3 4 8 9 10 11 12 13 18 22 23 29 33 45 46 48 49
25 31 32 35 38 39 43
0 1 3 4 5 9 10 11 13 17 18 22 24 45 46 47 48 49
19 25 28
3 7 16 29 41
0 2 9 11 19 21 25 45 46 49
6 8 10 17 26
14
21 25 27 32 34
8 10 17 18 26 35
36
0 1 2 3 4 5 7 9 11 12 13 14 15 16 19 20 21 24 25 27 28 30 31 32 34 36 45 46 47 48 49
39
21 25 27 30
21 25 27 38
0 2 3 4 7 9 12 13 14 15 21 23 24 25 27 30 31 32 34 36 49
3 7 14 21 30 36 49
0 2 8 9 10 11 12 13 15 18 19 22 23 25 31 32 33 34 35 38 39 45 46 48
21 25 30 31 36
1 16 20 47
1 14 20 30 36 47
16 19 21 25 31
8 26 29 33 35 37 39 40 41 43
0 2 8 9 12 25 32 34 35
38 39 40 41 43
6 8 18 26 35 37 39 40 42 43 44
19 25 28 32 34
0 2 11 18 22 25 38 45
14 30 37 43
21 26 49
8 18 35 39
20 21 25 30 32
21 25 26 27 30 32 35 39 43
0 4 9 11 12 22 23 45 46 49
0 3 9 11 12 13 22 23 45 46 48 49
8 26 35
20 21 25 27 30
8 18 26 35
26 32 34 35 39 43
0 2 11 13 15 24 25 31 45 48
5 24 28
0 2 3 4 7 8 10 12 13 14 15 17 21 23 24 25 26 27 29 30 31 32 33 35 36 37 39 41 43 49
0 1 3 4 11 13 22 24 45 47 48 49
21 26 27 40
0 8 9 11 12 18 22 23 45 46
0 8 9 11 12 22 23 45 46 49
26 32 35 39 40
3 7 17 36
3 4 7 14 21 27 30 36 49
21 25 27 30 31 36
1 6 14 17 20 30 36 42 44 47
18 33 35 37 39 43
0 2 8 11 12 25 32 45
6 17 37 42 43 44
18 29 33 35 37 39 40 41 42 43 44
8 18 35
25 31 32 34 35
0 3 8 9 10 12 13 23 49
0 12 49
0 2 3 4 7 10 13 14 15 17 21 24 25 27 30 31 36 49
25 31 32 35 39
8 10 18 29 33
21 25 26 27 30 31 32 35 36
0 8 11 12 18 22 23 37 45
0 4 8 9 11 12 18 22 23 45 46 49
17 37 43
4 18 27
0 4 5 9 11 18 45 46 47 49
13 24 48
8 12 23 26 32
23 29 33 37 39 41 43
18 40
0 8 12
8 26 29 33 35 39 41
3 10 13
25 32 35 39 43
0 8 9 10 12 13 23 24
3 7 10 13 15 16 31 48
0 1 3 4 8 10 11 12 13 17 18 24 45 47 48 49
14 20 21 26 30 47 49
0 3 4 8 9 10 12 13 17 24 49
6 8 10 17 18
25 32 34
35 39 40 41
0 3 4 8 10 12 13 17 23 24 29 33 37 49
4 14 21 26 27 30 49
21 25 26 30 32
4 29 42
17 24 37
6 8 29 33 37 42
0 3 12 13 23 24 49
37 42 43 44
39 40 43 44
0 2 3 4 7 11 12 13 15 16 21 22 23 25 27 31 32 38 45 48 49
0 2 3 4 7 9 11 13 15 16 19 21 22 25 27 31 38 45 46 48 49
2 14
14 17 24 30 36
0 2 4 9 12 14 21 23 25 27 30 32 34 49
0 4 8 12 23 49
29 33 37 39 41 43
29 33 37 39 40 41 43
0 3 9 10 11 13 45 46 48 49
0 11 12 13 45 48
0 2 4 8 11 12 18 21 22 23 25 26 27 32 35 38 39 40 45 49
26 35
0 12 13 23
0 11 13 22 45 48
29 33 41
0 3 4 13 49
18 29 33
0 2 8 9 10 12 13 15 23 25 31 32 33 34 35 39
0 5 8 9 11 12 45 46
0 3 9 11 13 45 46 48 49
0 5 9 11 22 45 46
5 24
0 11 12 45 47 49
0 49
1 45 47 48
0 11 12 13 24 45 48
0 2 3 4 7 10 11 13 15 16 18 21 22 25 27 31 38 45 48 49
0 8 9 12
8 10 18 26 29 33 35 39 40 41
16 21 25 26 27 31 32 35 38 39 40 41
1 3 4 47 49
0 2 9 11 18 19 22 25 38 45 46
0 2 4 8 9 12 21 25 26 27 32 34 35 49
1 6 17 47
0 3 10 13 49
19 21 25 26 27 32 34 35
0 2 4 8 9 12 14 21 25 26 27 30 32 34 35 49
4 6 14 20 21 26 27 30 47 49
23 29 33 37
8 18 26 35 39 40
8 10 33
0 2 9 11 19 21 22 25 38 45 46 49
8 12 23 26 32 35 37 39 40 43
25 32 38
19 21 25 27 38
12 23 32 34
0 2 8 10 12 13 15 23 25 31 32 33 35 39
