50 0 394
0
1
2
3
4
5
6
7
8
9
10
11
12
13
14
15
16
17
18
19
20
21
22
23
24
25
26
27
28
29
30
31
32
33
34
35
36
37
38
39
40
41
42
43
44
45
46
47
48
49
8 18 26 35
6 8 10 17 18 29 33 37 42
0 2 4 8 11 12 14 18 20 21 22 23 25 26 27 30 32 35 37 38 39 40 43 45 47 49
6 8 10 17
8 10 18 29 33
0 2 8 11 12 14 20 21 25 26 30 32 45 47 49
0 2 4 8 11 12 18 21 25 26 27 32 35 45 49
0 2 8 9 11 12 19 21 22 23 25 26 32 34 38 45 46 49
0 2 8 11 12 21 22 23 25 26 32 38 45 49
8 18 37
0 1 2 3 4 5 7 9 11 12 13 14 15 16 19 20 21 22 23 24 25 27 28 30 31 32 34 36 38 45 46 47 48 49
0 1 2 3 4 7 11 12 13 14 15 16 20 21 22 23 24 25 27 30 31 32 36 38 45 47 48 49
8 10 33
0 1 2 3 5 7 9 11 12 13 14 15 16 19 20 21 22 23 24 25 28 30 31 32 34 36 38 45 46 47 48 49
8 10
0 1 2 3 5 7 9 11 12 13 14 15 16 19 20 21 24 25 28 30 31 32 34 36 45 46 47 48 49
6 17 26
0 2 3 4 7 9 11 12 13 15 16 19 21 22 23 25 27 31 32 34 38 45 46 48 49
17 26 29 41
0 2 3 4 7 11 12 13 15 16 21 22 23 25 27 31 32 38 45 48 49
6 17 29 42
0 2 3 4 7 11 12 13 15 16 21 25 27 31 32 45 48 49
6 8 26 29 33 35 37 39 40 41 42 43 44
0 2 3 7 11 12 13 15 16 21 22 23 25 31 32 38 45 48 49
0 2 3 7 9 11 12 13 15 16 19 21 25 31 32 34 45 46 48 49
8 26 35 37 39 40 43
0 2 4 11 12 14 20 21 22 23 25 27 30 32 38 45 47 49
0 2 5 9 11 12 14 19 20 21 22 23 25 28 30 32 34 38 45 46 47 49
8 26
8 35 37 39 43
0 2 4 11 12 21 25 27 32 45 49
8 35 39
8 35
0 2 11 12 21 25 32 45 49
0 1 2 3 4 5 7 9 10 11 13 14 15 16 17 18 19 20 21 24 25 27 28 30 31 36 45 46 47 48 49
0 1 2 3 5 7 9 10 11 13 14 15 16 17 19 20 21 24 25 28 30 31 36 45 46 47 48 49
0 2 3 4 7 10 11 13 15 16 18 21 22 25 27 31 38 45 48 49
0 2 3 4 7 10 11 13 15 16 18 21 25 27 31 45 48 49
0 2 3 7 10 11 13 15 16 21 22 25 31 38 45 48 49
0 2 3 7 9 10 11 13 15 16 19 21 25 31 45 46 48 49
26 35 39 40 41 43
26 35 39 40 41
26 35 39 40 43 44
26 35 39 40
26 35 39 41 43
0 2 4 9 11 18 19 21 22 25 27 38 45 46 49
26 35 39 43
26 35 39
26 40 41 44
26 40 41
0 1 2 3 4 7 11 13 14 15 16 20 21 22 24 25 27 30 31 36 38 45 47 48 49
0 1 2 3 7 11 13 14 15 16 20 21 22 24 25 30 31 36 38 45 47 48 49
26
3 7 13 15 31
10 13 15 24 31 33 48
0 2 5 9 11 14 19 20 21 22 25 28 30 38 45 46 47 49
13 15 24 31 48
0 2 11 14 20 21 25 30 45 47 49
0 2 4 11 21 22 25 27 38 45 49
10 13 15 31
0 2 9 11 19 21 22 25 38 45 46 49
13 15 24 31
1 3 10 13 17 24 29 33 48
3 10 13 29 33 48
0 2 3 7 8 9 10 12 13 14 15 17 21 23 24 25 26 30 31 32 34 36 49
3 13
10 13 33 48
10 13 24 48
0 2 3 7 8 9 10 12 13 15 21 23 25 26 31 32 34 49
10 13 24 33
0 2 4 8 12 14 21 23 25 26 27 30 32 35 37 39 43 49
0 2 4 8 12 14 21 25 26 27 30 32 35 49
0 2 4 8 9 12 21 23 25 26 27 32 34 35 39 49
0 2 4 8 12 21 23 25 26 27 32 35 39 49
1 3 7 16 36
3 7 17 29 36 41
3 7 29 41
0 2 3 4 7 9 12 13 14 15 21 23 24 25 27 30 31 32 34 36 49
0 2 3 4 7 12 13 14 15 21 23 24 25 27 30 31 32 36 49
1 3 17
0 2 3 7 9 12 13 14 15 21 23 24 25 30 31 32 34 36 49
0 2 3 7 9 12 13 14 15 21 24 25 30 31 32 34 36 49
16 31 41
0 2 3 4 7 9 12 13 15 21 23 25 27 31 32 34 49
0 2 3 4 7 12 13 15 21 23 25 27 31 32 49
16 31
16 41
0 2 4 9 12 14 21 23 25 27 30 32 34 49
0 2 4 12 14 21 23 25 27 30 32 49
0 2 12 14 21 25 30 32 49
10
0 2 4 9 12 21 25 27 32 34 49
17 29
0 2 4 12 21 25 27 32 49
0 2 12 21 25 32 49
14 20 30 37 43 47
1 14 17 20 24 30 36 47
1 5 14 20 24 28 30 36 47
0 2 3 4 7 10 13 15 21 25 27 31 49
14 30 37 43
14 17 24 30 36
14 24 30 36
0 2 3 7 13 14 15 21 24 25 30 31 36 49
0 2 3 4 7 9 13 15 21 25 27 31 49
5 28 37 43
0 2 3 7 13 15 21 25 31 49
1 17 24 37 47
0 2 9 14 21 25 30 49
0 2 9 21 25 49
1 5 24 47
5 24 37
5 24
24 37
1 6 14 17 20 30 36 47
6 14 20 30 42 44 47
0 2 8 9 10 11 12 13 15 18 19 25 31 32 34 35 45 46 48
14 20 30 47
0 2 8 10 11 12 13 15 18 25 31 32 35 45 48
0 2 8 9 10 11 12 13 15 19 22 23 25 31 32 34 38 45 46 48
0 2 8 9 10 11 12 13 15 19 25 31 32 34 45 46 48
14 30
0 2 8 10 11 12 13 15 25 31 32 45 48
1 6 17 42 47
0 2 5 8 9 11 12 18 19 22 23 25 28 32 34 35 37 38 39 43 45 46
0 2 8 11 12 18 22 23 25 32 35 37 38 39 43 45
28 43
20 30 36
30
0 2 9 11 12 13 15 19 22 23 25 31 32 34 38 45 46 48
6 17 37 42 43 44
0 2 11 12 13 15 22 23 25 31 32 38 45 48
6 17 37 42
0 2 11 12 22 23 25 32 38 45
0 2 9 11 12 19 25 32 34 45 46
0 2 10 11 13 15 18 22 24 25 31 38 45 48
1 17 24
0 2 10 11 13 15 24 25 31 45 48
17 24
0 2 9 10 11 13 15 18 19 25 31 45 46 48
1 17
36
0 2 9 11 18 19 22 25 38 45 46
4 18 27 35 39 40
0 2 5 9 11 13 15 19 22 24 25 28 31 38 45 46 48
4 27 29 33 35 39 41
4 27 35 37 39 43
0 2 9 11 13 15 19 25 31 45 46 48
4 18 29 33 37 42
4 18 29 33 37
0 2 5 9 11 19 25 28 45 46
4 18 29 33
4 18 37
4 29 33
0 2 8 9 10 12 13 15 23 24 25 31 32 33 34 35 37 39 43
4 27 29 40 41
0 2 8 9 10 12 13 15 25 31 32 34 35
27 35 39 40 41 43
27 35 39 40
0 2 8 12 25 32 35
0 2 8 9 12 23 25 32 34
27 35
27 40 41 44
0 2 8 9 12 25 32 34
27 40 44
27 40
27 41
0 2 12 13 15 23 24 25 31 32
0 2 9 12 13 15 23 25 31 32 34
18 29 33 35 39 40 41
0 2 9 12 13 15 25 31 32 34
0 2 9 12 23 25 32 34
0 2 9 12 25 32 34
18 33 35 39
0 2 10 13 15 24 25 31
18 29 33 37
18 37 42
18 33
0 2 13 15 25 31
0 2 9 25
0 1 3 5 6 8 9 10 11 12 13 17 22 23 24 45 46 47 48 49
29 33 35 39 41
0 3 4 8 9 10 11 12 13 18 22 23 29 33 45 46 48 49
35 37 39 43
35 39 40 41 43 44
0 5 6 8 9 11 12 45 46 47 49
22 23 33 37 38 39 43
0 8 9 11 12 22 23 45 46 49
22 23 38
22 23 29 33 37 42
22 23 29 33 37
22 23 37 42
22 23 33
0 1 3 11 12 13 24 45 47 48 49
0 3 4 9 11 12 13 22 23 45 46 48 49
0 3 4 9 11 12 13 45 46 48 49
38 39
0 4 11 12 22 23 45 47 49
23 37 39 40 42 43 44
0 5 9 11 12 22 23 45 46 47 49
23 33 37 39 43
23 37 39 43
23 39
23 29 33 37 42
0 9 11 12 45 46 49
23
0 1 3 4 10 11 13 17 18 24 45 47 48 49
0 3 4 9 10 11 13 18 22 45 46 48 49
33 37 39 43
0 4 11 18 22 45 47 49
40 42 44
0 4 11 18 45 47 49
39 40 41 43
39 41
39 43
39
0 1 3 11 13 22 24 45 47 48 49
40 41 44
0 3 4 9 11 13 22 45 46 48 49
29 33 41
0 3 4 11 13 22 45 48 49
0 3 4 9 11 13 45 46 48 49
0 3 9 11 13 22 45 46 48 49
0 3 11 13 22 45 48 49
29
0 4 11 22 45 47 49
0 4 5 9 11 45 46 47 49
37
1 5 6 16 19 20 28 45 46 47 48
0 5 9 11 45 46 47 49
5 6 19 20 28 45 46 47
1 5 16 19 20 28 45 46 47 48
0 4 11 22 45 49
0 4 11 45 49
0 9 11 22 45 46 49
5 19 28 45 46
0 11 45 49
19 45 46
5 45 46 47
45 47
5 45 46 48
0 3 8 10 12 13 17 24 49
45 46 48
45
0 3 8 9 10 12 13 49
0 4 8 9 12 23 37 49
19 20 28
0 4 8 9 12 23 49
16 20
0 4 8 12 23 49
1 16 48
0 4 8 9 12 49
1 5 6 20 28 47
0 3 4 12 13 24 49
1 5 47
6 20 47
1 20 47
0 3 4 12 13 23 49
20 47
0 3 12 13 49
0 4 9 12 49
0 9 12 23 49
9 19 34 46
9 34
0 3 10 13 17 24 49
19 28 34
5 6 19 28 46
0 3 4 9 13 49
0 3 9 13 49
0 4 49
0 49
5
0 5 8 9 10 11 12 13 18 24 45 46 48
11 18 22
0 8 10 11 12 13 24 45 48
0 8 9 10 11 12 13 18 22 23 33 45 46 48
22 38
0 8 9 10 11 12 13 22 23 45 46 48
0 8 10 11 12 13 22 23 45 48
0 8 9 10 11 12 13 45 46 48
0 8 10 11 12 13 45 48
0 5 8 9 11 12 18 22 23 37 45 46
2 7 14 15
0 5 8 9 11 12 18 45 46
2 14
2
14
0 8 11 12 45
0 5 9 11 12 13 22 23 24 45 46 48
0 5 9 11 12 45 46
0 9 11 12 22 23 45 46
0 5 9 10 11 13 18 22 24 45 46 48
0 5 9 10 11 13 22 24 45 46 48
0 10 11 13 24 45 48
0 9 10 11 13 18 22 45 46 48
0 10 11 13 22 45 48
0 9 10 11 13 45 46 48
0 5 9 11 18 45 46
0 9 11 18 45 46
0 9 11 13 22 45 46 48
0 11 13 22 45 48
0 9 11 13 45 46 48
0 8 10 12 13 24
0 8 9 10 12 13
0 9 12 13 23
0 9 12 13
0 9 12 23
0 10 13 24
0 13
1 3 4 7 14 16 17 20 21 26 27 29 30 36 40 41 47 49
1 3 4 7 14 16 17 20 21 26 27 30 36 47 49
1 3 6 7 14 16 17 20 21 26 30 36 47 49
3 4 7 16 21 26 27 29 40 41 49
3 4 7 16 21 26 27 49
4 6 14 20 21 26 27 30 40 42 44 47 49
4 14 20 21 26 27 30 47 49
1 3 4 7 14 16 20 21 27 30 36 47 49
4 14 20 21 27 30 47 49
21 26 49
4 6 47 49
6 47 49
1 3 4 47 49
4 47 49
3 4 17 29 49
3 4 49
16 20 21 25 26 27 30 31 32 35 36
16 19 20 21 25 26 28 30 31 32 34 36 38
16 20 21 25 26 30 31 32 36
16 19 21 25 26 27 31 32 34 35 38 39 40 41
16 21 25 26 27 31 32 35 38 39 40 41
16 19 21 25 26 31 32 34
16 21 25 26 31 32
20 21 25 26 27 30 32 35 38 39 40 43
21 25 26 27 32 35 38 39 40
16 19 20 21 25 27 28 30 31 32 34 36 38
16 19 20 21 25 28 30 31 32 34 36
20 21 25 27 30 32 38
20 21 25 27 30 32
20 21 25 30 32 38
20 21 25 30 32
16 20 21 25 27 30 31 36
16 19 20 21 25 28 30 31 36 38
16 21 25 31 38
16 19 21 25 31
16 21 25 31
20 21 25 27 30
19 21 25 27 38
21 25 27 38
19 21 25 27
19 21 25 38
21 25 38
19 21 25
21 25 26 27 30 31 32 35 36 39 41 43
21 25 26 27 31 32 34 35 39 41
21 25 26 31 32
21 25 26 27 30 32 35
21 25 27 31 32 34
21 25 32 34
21 25 31
21 25 27 30
21 25
19 25 31 32 34 35 38 39
19 25 28 32 34 35 38 39 43
19 25 28 31 32 34 38
19 25 28 31 32 34
25 32 38
25 31 38
19 25 31
25 31 32 34 35 39
25 32 34
25 32
16 20 21 26 30 36
16 21 26 27
20 21 26 30
21 26 27 40
21 30 36
8 12 23 26 32 35 37 39 40 43
8 12 23 26 32 34 35 39 40
8 12 23 26 29 32 33 35 39 41
8 12 23 32 33 34 35 39
8 12 23 32 33 35 39
8 12 23 32 34 35 37 39 43
8 12 32 34 35
12 23 32 34
6 8 12 23 29 33 37 42
6 8 12 23 37 42
8 12 23 29 33 37
8 12 23 37
26 32 34 35 39 40 41
26 32 34 35 39 43
26 32 35 39 43
32 35 39 43
32 34
32
8 10 17 18 26 29 33 35 37 39 40 41 43
