50 0 315
0
1
2
3
4
5
6
7
8
9
10
11
12
13
14
15
16
17
18
19
20
21
22
23
24
25
26
27
28
29
30
31
32
33
34
35
36
37
38
39
40
41
42
43
44
45
46
47
48
49
0 1 2 3 4 5 6 7 8 9 10 11 12 13 14 15 16 17 18 19 20 21 22 23 24 25 26 27 28 29 30 31 32 33 34 35 36 37 38 39 40 41 42 43 44 45 46 47 48 49
0 1 2 3 4 7 8 10 11 12 13 14 15 16 17 18 20 21 22 23 24 25 26 27 29 30 31 32 33 35 36 37 38 39 40 41 43 45 47 48 49
0 1 2 3 4 7 8 10 11 12 13 14 15 16 17 18 20 21 24 25 26 27 30 31 32 35 36 45 47 48 49
0 3 9 13 24 49
0 1 2 3 5 6 7 8 9 10 11 12 13 14 15 16 17 19 20 21 22 23 24 25 26 28 30 31 32 34 36 38 45 46 47 48 49
8 10 26 29 33 35 39 41
46
0 1 2 3 7 8 10 11 12 13 14 15 16 17 20 21 24 25 26 30 31 32 36 45 47 48 49
8 18 35 37 39 43
5 6
0 2 3 4 7 8 10 11 12 13 15 16 18 21 25 26 27 31 32 35 45 48 49
28
6
11 18 22 38 40
8 10 17 18 29 33 37
6 8 10 17 18
0 2 4 5 6 8 9 11 12 14 18 19 20 21 25 26 27 28 30 32 34 35 45 46 47 49
0 5 8 9 10 11 12 13 24 45 46 48
0 8 9 10 11 12 13 18 22 23 33 45 46 48
0 8 10 11 12 13 18 22 23 33 45 48
18
0 8 9 10 11 12 13 45 46 48
8 10 29 33
0 1 2 3 4 5 7 9 11 12 13 14 15 16 19 20 21 22 23 24 25 27 28 30 31 32 34 36 38 45 46 47 48 49
2 14
8 18
0 5 8 9 11 12 45 46
2
7 14
0 8 9 11 12 18 45 46
15
6 17 26 29 40 41 42 44
0 8 9 11 12 22 23 45 46
17 26 29 40 41
14
0 8 11 12 22 23 45
0 2 3 4 7 9 11 12 13 15 16 19 21 22 23 25 27 31 32 34 38 45 46 48 49
0 5 9 11 12 13 22 23 24 45 46 48
0 11 12 13 22 23 24 45 48
0 2 4 11 12 14 20 21 22 23 25 27 30 32 38 45 47 49
8 26 29 33 35 37 39 41 43
8 26 29 33 35 39 41
0 9 11 12 45 46
0 2 4 9 11 12 19 21 22 23 25 27 32 34 38 45 46 49
8 33 35 37 39 43
0 2 4 9 11 12 19 21 25 27 32 34 45 46 49
6 8
0 1 2 3 5 7 9 10 11 13 14 15 16 17 19 20 21 22 24 25 28 30 31 36 38 45 46 47 48 49
0 9 10 11 13 22 45 46 48
0 1 2 3 5 7 9 10 11 13 14 15 16 17 19 20 21 24 25 28 30 31 36 45 46 47 48 49
0 10 11 13 45 48
0 9 11 18 22 45 46
0 9 11 18 45 46
0 11 18 45
26 35 39 41 43
0 2 4 11 14 18 20 21 25 27 30 45 47 49
0 9 11 22 45 46
26 40 41
26 40 44
0 1 2 3 4 5 7 9 11 13 14 15 16 19 20 21 24 25 27 28 30 31 36 45 46 47 48 49
0 1 2 3 4 7 11 13 14 15 16 20 21 24 25 27 30 31 36 45 47 48 49
0 1 2 3 7 11 13 14 15 16 20 21 22 24 25 30 31 36 38 45 47 48 49
0 1 2 3 5 7 9 11 13 14 15 16 19 20 21 24 25 28 30 31 36 45 46 47 48 49
0 8 9 10 12 13 24
3 7 10 13 15 16 31 48
0 2 3 4 7 11 13 15 16 21 22 25 27 31 38 45 48 49
0 2 3 4 7 9 11 13 15 16 19 21 25 27 31 45 46 48 49
0 2 4 5 9 11 14 19 20 21 22 25 27 28 30 38 45 46 47 49
0 8 12 23
0 2 4 11 14 20 21 25 27 30 45 47 49
0 8 9 12
10 13 15 31 48
10 13 15 24 31
0 2 9 11 19 21 22 25 38 45 46 49
1 3 10 13 17 24 29 33 48
0 2 3 7 8 9 10 12 13 14 15 17 21 23 24 25 26 30 31 32 34 36 49
3 10 13 17 24 29 33
0 2 3 7 8 10 12 13 14 15 17 21 23 24 25 26 30 31 32 36 49
0 10 13
0 13 24
3 13 24
10 13 33 48
10 13 24 48
1 3 4 7 14 16 17 20 21 26 27 29 30 36 40 41 47 49
0 2 3 7 8 9 10 12 13 15 21 25 26 31 32 34 49
0 2 3 7 8 10 12 13 15 21 25 26 31 32 49
13 48
0 2 4 8 12 14 21 25 26 27 30 32 35 49
3 7 16 21 26 49
0 2 8 12 14 21 23 25 26 30 32 49
1 3 7 16 17 36
0 2 4 8 12 21 25 26 27 32 35 49
3 7 17 29 36 41
4 21 26 27 40 49
1 3 17
3 17 29
3 4 7 14 17 21 26 27 29 30 36 41 49
0 2 3 7 9 12 13 14 15 21 23 24 25 30 31 32 34 36 49
3 17
3 7 14 17 21 26 30 36 49
0 2 3 7 9 12 13 14 15 21 24 25 30 31 32 34 36 49
16 31 36
31 36
16 36
14 21 30 49
0 2 9 12 14 21 25 30 32 34 49
21 49
17 29 41
17 29
1 5 6 14 17 20 24 28 30 36 37 42 43 44 47
0 2 12 21 23 25 32 49
4 6 47 49
0 2 3 4 7 9 10 13 14 15 17 21 24 25 27 30 31 36 49
0 2 3 7 9 10 13 14 15 17 21 24 25 30 31 36 49
0 2 3 4 7 9 10 13 15 21 25 27 31 49
14 17 24 30 36 37 43
14 30 37 43
0 2 3 7 9 13 14 15 21 24 25 30 31 36 49
5 24 28 37 43
0 2 3 4 7 13 15 21 25 27 31 49
16 19 20 21 25 26 27 28 30 31 32 34 35 36
0 2 3 7 13 15 21 25 31 49
1 5 6 17 24 47
0 2 4 9 21 25 27 49
16 20 21 25 26 30 31 32 36
1 17 24 47
1 5 24 47
0 2 5 8 9 10 11 12 13 15 18 19 22 23 24 25 28 31 32 33 34 35 37 38 39 43 45 46 48
16 19 21 25 26 31 32 34 38
0 2 8 10 11 12 13 15 22 23 24 25 31 32 38 45 48
1 6 14 17 20 30 36 47
19 20 21 25 26 27 28 30 32 34 35
0 2 8 9 10 11 12 13 15 18 19 22 23 25 31 32 33 34 35 38 39 45 46 48
20 21 25 26 27 30 32 35
20 21 25 26 30 32
0 2 8 9 10 11 12 13 15 19 25 31 32 34 45 46 48
21 25 26 32 38
20 28 30 36 43 44
0 2 5 8 9 11 12 19 25 28 32 34 45 46
16 19 20 21 25 27 28 30 31 32 34 36
16 20 21 25 27 30 31 32 36
20 28 30 36
16 19 20 21 25 28 30 31 32 34 36 38
0 2 8 11 12 25 32 45
16 19 21 25 27 31 32 34
0 2 5 9 11 12 13 15 19 22 23 24 25 28 31 32 34 38 45 46 48
0 2 11 12 13 15 24 25 31 32 45 48
16 21 25 31 32 38
16 21 25 31 32
6 17 37 42
17 37
6 17 42
19 20 21 25 28 30 32 34
0 2 11 12 25 32 45
0 2 5 9 10 11 13 15 18 19 22 24 25 28 31 38 45 46 48
1 24 36
19 21 25 32 34 38
17 24 36
1 17 24
16 19 20 21 25 27 28 30 31 36 38
1 24
16 19 20 21 25 27 28 30 31 36
0 2 9 10 11 13 15 19 22 25 31 38 45 46 48
16 21 25 27 31 38
0 2 5 9 11 18 19 22 25 28 38 45 46
16 21 25 27 31
16 21 25 31 38
4 18 27 35 39 40
16 21 25 31
4 18 27
4 27 29 33 35 39 41
4 27 35 37 39 43
20 21 25 30 38
19 20 21 25 28 30
0 2 9 11 13 15 19 25 31 45 46 48
0 2 5 9 11 19 22 25 28 38 45 46
19 21 25 27
0 2 11 22 25 38 45
21 25 26 27 30 31 32 34 35 36 39 41 43
4 27 29 40 41
4 27 29 41
0 2 8 9 10 12 13 15 23 25 31 32 33 34 35 39
4 29 42
21 25 26 27 31 32 35
0 2 8 10 12 13 15 25 31 32 35
27 35 39 40 41
27 35 39 40 43
27 35 39
21 25 26 27 32 35
27 35
21 25 26 32 34
21 25 27 30 31 32 34 36
0 2 9 12 13 15 23 24 25 31 32 34
27 40
21 25 30 31 32 36
21 25 31 32 34
18 29 33 35 37 39 40 41 43
0 2 9 12 13 15 25 31 32 34
21 25 30 32 34
21 25 27 32
18 35
18 29 33 37
21 25 31
0 2 13 15 24 25 31
18 37
19 25 28 31 32 34 35 38 39 43
19 25 28 32 34 35 38 39 43
35 39 40 43
19 25 31 32 34 38
0 3 8 10 11 12 13 45 48 49
0 4 5 6 8 9 11 12 18 22 23 37 42 45 46 47 49
19 25 28 32 34 38
25 32 38
19 25 31 38
0 8 9 11 12 45 46 49
22 23 29 33 37
22 23 37 42
22 23 37
38 39 40 41 43 44
25 32 34 35
38 39 40 43 44
25 32 35
38 39 40 43
25 32
23 29 33 37 39 40 41 42 43 44
0 4 5 9 11 12 22 23 45 46 47 49
16 20 21 26 27 30 36
0 11 12 22 23 45 47 49
16 21 26 27
23 29 33 37 42
21 26 27 40
23 33 37
23 33
0 1 3 4 10 11 13 17 18 22 24 45 47 48 49
21 26 27 30 36
37 39 40 42 43 44
0 1 3 10 11 13 17 24 45 47 48 49
29 33 37 39 41 43
0 3 4 10 11 13 18 45 48 49
0 3 10 11 13 22 45 48 49
29 33 37 42
0 3 9 10 11 13 45 46 48 49
0 3 10 11 13 45 48 49
33 37
0 4 11 18 22 45 47 49
21
8 12 23 26 29 32 33 35 37 39 40 41 43
8 12 23 26 29 32 33 34 35 39 40 41
0 4 9 11 18 45 46 49
6 8 12 23 26 32 34 35 37 39 40 42 43 44
6 8 12 23 26 32 34
0 1 3 4 11 13 24 45 47 48 49
0 1 3 11 13 22 24 45 47 48 49
8 12 23 26 29 32 33 34 35 39 41
40 44
8 12 23 26 29 32 33 35 39 41
0 3 11 13 22 45 48 49
29
37 42 43 44
37 43
43 44
43
0 11 22 45 47 49
0 5 9 11 45 46 47 49
8 12 23 32 34 35 37 39 43
0 4 11 22 45 49
0 9 11 22 45 46 49
8 12 23 32 34
0 9 11 45 46 49
5 19 28 45 46
8 12 32 34
0 11 45 49
19 45 46
1 5 45 46 47 48
0 3 4 8 10 12 13 17 24 49
12 32
6 8 12 23 29 33 37 42
5 45 46 47
6 8 12 23
0 3 8 10 12 13 17 24 49
0 3 4 8 10 12 13 23 29 33 49
0 3 4 8 10 12 13 49
45
8 12 23
16 19 20 28
8 12
0 4 8 9 12 23 37 49
26 32 34 35 39 40 41 43 44
0 4 8 12 23 49
16 48
0 4 8 9 12 49
1 48
26 32 34 35 39 40 43 44
0 8 9 12 49
26 32 34 35 39 40
0 3 4 12 13 23 24 49
0 3 4 9 12 13 24 49
5 6 47
26 32 34 35 39 43
5 47
26 32 35
1 20 47
0 3 4 12 13 49
32 35 39 43
47
32 35 39
32 34
0 4 12 49
6 8 10 17 18 26 35
5 6 9 46
0 3 4 9 10 13 17 24 49
0 3 10 13 17 24 49
8 18 26 35 37 39 40 43
0 3 9 10 13 49
6 34
