45 0 315
N1
N2
N3
N4
N5
N6
N7
N8
N9
N10
N11
N12
N13
N14
N15
S0
S1
S2
S3
S4
S5
S6
S7
S8
S9
S10
S11
S12
S13
S14
S15
S16
S17
S18
S19
S20
S21
S22
S23
S24
S25
S26
S27
S28
S29
0 15 17
0 16 18
0 17 19
0 18 20
0 19 21
0 20 22
0 21 23
0 22 24
0 23 25
0 24 26
0 25 27
0 26 28
0 27 29
0 28 30
0 29 31
0 30 32
0 31 33
0 32 34
0 33 35
0 34 36
0 35 37
0 36 38
0 37 39
0 38 40
0 39 41
0 40 42
0 41 43
0 42 44
1 15 18
1 16 19
1 17 20
1 18 21
1 19 22
1 20 23
1 21 24
1 22 25
1 23 26
1 24 27
1 25 28
1 26 29
1 27 30
1 28 31
1 29 32
1 30 33
1 31 34
1 32 35
1 33 36
1 34 37
1 35 38
1 36 39
1 37 40
1 38 41
1 39 42
1 40 43
1 41 44
2 15 19
2 16 20
2 17 21
2 18 22
2 19 23
2 20 24
2 21 25
2 22 26
2 23 27
2 24 28
2 25 29
2 26 30
2 27 31
2 28 32
2 29 33
2 30 34
2 31 35
2 32 36
2 33 37
2 34 38
2 35 39
2 36 40
2 37 41
2 38 42
2 39 43
2 40 44
3 15 20
3 16 21
3 17 22
3 18 23
3 19 24
3 20 25
3 21 26
3 22 27
3 23 28
3 24 29
3 25 30
3 26 31
3 27 32
3 28 33
3 29 34
3 30 35
3 31 36
3 32 37
3 33 38
3 34 39
3 35 40
3 36 41
3 37 42
3 38 43
3 39 44
4 15 21
4 16 22
4 17 23
4 18 24
4 19 25
4 20 26
4 21 27
4 22 28
4 23 29
4 24 30
4 25 31
4 26 32
4 27 33
4 28 34
4 29 35
4 30 36
4 31 37
4 32 38
4 33 39
4 34 40
4 35 41
4 36 42
4 37 43
4 38 44
5 15 22
5 16 23
5 17 24
5 18 25
5 19 26
5 20 27
5 21 28
5 22 29
5 23 30
5 24 31
5 25 32
5 26 33
5 27 34
5 28 35
5 29 36
5 30 37
5 31 38
5 32 39
5 33 40
5 34 41
5 35 42
5 36 43
5 37 44
6 15 23
6 16 24
6 17 25
6 18 26
6 19 27
6 20 28
6 21 29
6 22 30
6 23 31
6 24 32
6 25 33
6 26 34
6 27 35
6 28 36
6 29 37
6 30 38
6 31 39
6 32 40
6 33 41
6 34 42
6 35 43
6 36 44
7 15 24
7 16 25
7 17 26
7 18 27
7 19 28
7 20 29
7 21 30
7 22 31
7 23 32
7 24 33
7 25 34
7 26 35
7 27 36
7 28 37
7 29 38
7 30 39
7 31 40
7 32 41
7 33 42
7 34 43
7 35 44
8 15 25
8 16 26
8 17 27
8 18 28
8 19 29
8 20 30
8 21 31
8 22 32
8 23 33
8 24 34
8 25 35
8 26 36
8 27 37
8 28 38
8 29 39
8 30 40
8 31 41
8 32 42
8 33 43
8 34 44
9 15 26
9 16 27
9 17 28
9 18 29
9 19 30
9 20 31
9 21 32
9 22 33
9 23 34
9 24 35
9 25 36
9 26 37
9 27 38
9 28 39
9 29 40
9 30 41
9 31 42
9 32 43
9 33 44
10 15 27
10 16 28
10 17 29
10 18 30
10 19 31
10 20 32
10 21 33
10 22 34
10 23 35
10 24 36
10 25 37
10 26 38
10 27 39
10 28 40
10 29 41
10 30 42
10 31 43
10 32 44
11 15 28
11 16 29
11 17 30
11 18 31
11 19 32
11 20 33
11 21 34
11 22 35
11 23 36
11 24 37
11 25 38
11 26 39
11 27 40
11 28 41
11 29 42
11 30 43
11 31 44
12 15 29
12 16 30
12 17 31
12 18 32
12 19 33
12 20 34
12 21 35
12 22 36
12 23 37
12 24 38
12 25 39
12 26 40
12 27 41
12 28 42
12 29 43
12 30 44
13 15 30
13 16 31
13 17 32
13 18 33
13 19 34
13 20 35
13 21 36
13 22 37
13 23 38
13 24 39
13 25 40
13 26 41
13 27 42
13 28 43
13 29 44
14 15 31
14 16 32
14 17 33
14 18 34
14 19 35
14 20 36
14 21 37
14 22 38
14 23 39
14 24 40
14 25 41
14 26 42
14 27 43
14 28 44
