33 0 165
N1
N2
N3
N4
N5
N6
N7
N8
N9
N10
N11
S0
S1
S2
S3
S4
S5
S6
S7
S8
S9
S10
S11
S12
S13
S14
S15
S16
S17
S18
S19
S20
S21
0 11 13
0 12 14
0 13 15
0 14 16
0 15 17
0 16 18
0 17 19
0 18 20
0 19 21
0 20 22
0 21 23
0 22 24
0 23 25
0 24 26
0 25 27
0 26 28
0 27 29
0 28 30
0 29 31
0 30 32
1 11 14
1 12 15
1 13 16
1 14 17
1 15 18
1 16 19
1 17 20
1 18 21
1 19 22
1 20 23
1 21 24
1 22 25
1 23 26
1 24 27
1 25 28
1 26 29
1 27 30
1 28 31
1 29 32
2 11 15
2 12 16
2 13 17
2 14 18
2 15 19
2 16 20
2 17 21
2 18 22
2 19 23
2 20 24
2 21 25
2 22 26
2 23 27
2 24 28
2 25 29
2 26 30
2 27 31
2 28 32
3 11 16
3 12 17
3 13 18
3 14 19
3 15 20
3 16 21
3 17 22
3 18 23
3 19 24
3 20 25
3 21 26
3 22 27
3 23 28
3 24 29
3 25 30
3 26 31
3 27 32
4 11 17
4 12 18
4 13 19
4 14 20
4 15 21
4 16 22
4 17 23
4 18 24
4 19 25
4 20 26
4 21 27
4 22 28
4 23 29
4 24 30
4 25 31
4 26 32
5 11 18
5 12 19
5 13 20
5 14 21
5 15 22
5 16 23
5 17 24
5 18 25
5 19 26
5 20 27
5 21 28
5 22 29
5 23 30
5 24 31
5 25 32
6 11 19
6 12 20
6 13 21
6 14 22
6 15 23
6 16 24
6 17 25
6 18 26
6 19 27
6 20 28
6 21 29
6 22 30
6 23 31
6 24 32
7 11 20
7 12 21
7 13 22
7 14 23
7 15 24
7 16 25
7 17 26
7 18 27
7 19 28
7 20 29
7 21 30
7 22 31
7 23 32
8 11 21
8 12 22
8 13 23
8 14 24
8 15 25
8 16 26
8 17 27
8 18 28
8 19 29
8 20 30
8 21 31
8 22 32
9 11 22
9 12 23
9 13 24
9 14 25
9 15 26
9 16 27
9 17 28
9 18 29
9 19 30
9 20 31
9 21 32
10 11 23
10 12 24
10 13 25
10 14 26
10 15 27
10 16 28
10 17 29
10 18 30
10 19 31
10 20 32
