24 0 120
S0
S1
S2
S3
S4
S5
S6
S7
S8
S9
S10
S11
M0
M1
M2
M3
M4
M5
M6
M7
M8
M9
M10
M11
0 13
0 14
0 15
0 16
0 17
0 18
0 19
0 20
0 21
0 22
1 14
1 15
1 16
1 17
1 18
1 19
1 20
1 21
1 22
1 23
2 15
2 16
2 17
2 18
2 19
2 20
2 21
2 22
2 23
2 12
3 16
3 17
3 18
3 19
3 20
3 21
3 22
3 23
3 12
3 13
4 17
4 18
4 19
4 20
4 21
4 22
4 23
4 12
4 13
4 14
5 18
5 19
5 20
5 21
5 22
5 23
5 12
5 13
5 14
5 15
6 19
6 20
6 21
6 22
6 23
6 12
6 13
6 14
6 15
6 16
7 20
7 21
7 22
7 23
7 12
7 13
7 14
7 15
7 16
7 17
8 21
8 22
8 23
8 12
8 13
8 14
8 15
8 16
8 17
8 18
9 22
9 23
9 12
9 13
9 14
9 15
9 16
9 17
9 18
9 19
10 23
10 12
10 13
10 14
10 15
10 16
10 17
10 18
10 19
10 20
11 12
11 13
11 14
11 15
11 16
11 17
11 18
11 19
11 20
11 21
