26 0 143
S0
S1
S2
S3
S4
S5
S6
S7
S8
S9
S10
S11
S12
M0
M1
M2
M3
M4
M5
M6
M7
M8
M9
M10
M11
M12
0 14
0 15
0 16
0 17
0 18
0 19
0 20
0 21
0 22
0 23
0 24
1 15
1 16
1 17
1 18
1 19
1 20
1 21
1 22
1 23
1 24
1 25
2 16
2 17
2 18
2 19
2 20
2 21
2 22
2 23
2 24
2 25
2 13
3 17
3 18
3 19
3 20
3 21
3 22
3 23
3 24
3 25
3 13
3 14
4 18
4 19
4 20
4 21
4 22
4 23
4 24
4 25
4 13
4 14
4 15
5 19
5 20
5 21
5 22
5 23
5 24
5 25
5 13
5 14
5 15
5 16
6 20
6 21
6 22
6 23
6 24
6 25
6 13
6 14
6 15
6 16
6 17
7 21
7 22
7 23
7 24
7 25
7 13
7 14
7 15
7 16
7 17
7 18
8 22
8 23
8 24
8 25
8 13
8 14
8 15
8 16
8 17
8 18
8 19
9 23
9 24
9 25
9 13
9 14
9 15
9 16
9 17
9 18
9 19
9 20
10 24
10 25
10 13
10 14
10 15
10 16
10 17
10 18
10 19
10 20
10 21
11 25
11 13
11 14
11 15
11 16
11 17
11 18
11 19
11 20
11 21
11 22
12 13
12 14
12 15
12 16
12 17
12 18
12 19
12 20
12 21
12 22
12 23
