72 0 1486
R
O
Q
S
P
T
U
V
W
X
Y
Z
0
1
2
3
4
5
6
7
8
9
10
11
12
13
14
15
16
17
18
19
20
21
22
23
24
25
26
27
28
29
30
31
32
33
34
35
36
37
38
39
40
41
42
43
44
45
46
47
48
49
50
51
52
53
54
55
56
57
58
59
0 13 14 27 28 43
0 14 15 28 29 44
0 15 16 29 30 45
0 16 17 30 31 46
0 17 18 31 32 47
0 18 19 32 33 48
0 19 20 33 34 49
0 20 21 34 35 50
0 21 22 35 36 51
0 22 23 36 37 52
0 23 24 37 38 53
0 24 25 38 39 54
0 25 26 39 40 55
0 28 29 42 43 58
0 29 30 43 44 59
0 30 31 44 45 60
0 31 32 45 46 61
0 32 33 46 47 62
0 33 34 47 48 63
0 34 35 48 49 64
0 35 36 49 50 65
0 36 37 50 51 66
0 37 38 51 52 67
0 38 39 52 53 68
0 39 40 53 54 69
0 40 41 54 55 70
0 12 13 28 29 43
0 13 14 29 30 44
0 14 15 30 31 45
0 15 16 31 32 46
0 16 17 32 33 47
0 17 18 33 34 48
0 18 19 34 35 49
0 19 20 35 36 50
0 20 21 36 37 51
0 21 22 37 38 52
0 22 23 38 39 53
0 23 24 39 40 54
0 24 25 40 41 55
0 27 28 43 44 58
0 28 29 44 45 59
0 29 30 45 46 60
0 30 31 46 47 61
0 31 32 47 48 62
0 32 33 48 49 63
0 33 34 49 50 64
0 34 35 50 51 65
0 35 36 51 52 66
0 36 37 52 53 67
0 37 38 53 54 68
0 38 39 54 55 69
0 39 40 55 56 70
0 13 27 28 29 44
0 14 28 29 30 45
0 15 29 30 31 46
0 16 30 31 32 47
0 17 31 32 33 48
0 18 32 33 34 49
0 19 33 34 35 50
0 20 34 35 36 51
0 21 35 36 37 52
0 22 36 37 38 53
0 23 37 38 39 54
0 24 38 39 40 55
0 25 39 40 41 56
0 28 42 43 44 59
0 29 43 44 45 60
0 30 44 45 46 61
0 31 45 46 47 62
0 32 46 47 48 63
0 33 47 48 49 64
0 34 48 49 50 65
0 35 49 50 51 66
0 36 50 51 52 67
0 37 51 52 53 68
0 38 52 53 54 69
0 39 53 54 55 70
0 40 54 55 56 71
0 13 27 28 29 42
0 14 28 29 30 43
0 15 29 30 31 44
0 16 30 31 32 45
0 17 31 32 33 46
0 18 32 33 34 47
0 19 33 34 35 48
0 20 34 35 36 49
0 21 35 36 37 50
0 22 36 37 38 51
0 23 37 38 39 52
0 24 38 39 40 53
0 25 39 40 41 54
0 28 42 43 44 57
0 29 43 44 45 58
0 30 44 45 46 59
0 31 45 46 47 60
0 32 46 47 48 61
0 33 47 48 49 62
0 34 48 49 50 63
0 35 49 50 51 64
0 36 50 51 52 65
0 37 51 52 53 66
0 38 52 53 54 67
0 39 53 54 55 68
0 40 54 55 56 69
0 13 28 29 42 43
0 14 29 30 43 44
0 15 30 31 44 45
0 16 31 32 45 46
0 17 32 33 46 47
0 18 33 34 47 48
0 19 34 35 48 49
0 20 35 36 49 50
0 21 36 37 50 51
0 22 37 38 51 52
0 23 38 39 52 53
0 24 39 40 53 54
0 25 40 41 54 55
0 28 43 44 57 58
0 29 44 45 58 59
0 30 45 46 59 60
0 31 46 47 60 61
0 32 47 48 61 62
0 33 48 49 62 63
0 34 49 50 63 64
0 35 50 51 64 65
0 36 51 52 65 66
0 37 52 53 66 67
0 38 53 54 67 68
0 39 54 55 68 69
0 40 55 56 69 70
0 13 27 28 43 44
0 14 28 29 44 45
0 15 29 30 45 46
0 16 30 31 46 47
0 17 31 32 47 48
0 18 32 33 48 49
0 19 33 34 49 50
0 20 34 35 50 51
0 21 35 36 51 52
0 22 36 37 52 53
0 23 37 38 53 54
0 24 38 39 54 55
0 25 39 40 55 56
0 28 42 43 58 59
0 29 43 44 59 60
0 30 44 45 60 61
0 31 45 46 61 62
0 32 46 47 62 63
0 33 47 48 63 64
0 34 48 49 64 65
0 35 49 50 65 66
0 36 50 51 66 67
0 37 51 52 67 68
0 38 52 53 68 69
0 39 53 54 69 70
0 40 54 55 70 71
0 12 27 28 29 43
0 13 28 29 30 44
0 14 29 30 31 45
0 15 30 31 32 46
0 16 31 32 33 47
0 17 32 33 34 48
0 18 33 34 35 49
0 19 34 35 36 50
0 20 35 36 37 51
0 21 36 37 38 52
0 22 37 38 39 53
0 23 38 39 40 54
0 24 39 40 41 55
0 27 42 43 44 58
0 28 43 44 45 59
0 29 44 45 46 60
0 30 45 46 47 61
0 31 46 47 48 62
0 32 47 48 49 63
0 33 48 49 50 64
0 34 49 50 51 65
0 35 50 51 52 66
0 36 51 52 53 67
0 37 52 53 54 68
0 38 53 54 55 69
0 39 54 55 56 70
0 14 27 28 29 43
0 15 28 29 30 44
0 16 29 30 31 45
0 17 30 31 32 46
0 18 31 32 33 47
0 19 32 33 34 48
0 20 33 34 35 49
0 21 34 35 36 50
0 22 35 36 37 51
0 23 36 37 38 52
0 24 37 38 39 53
0 25 38 39 40 54
0 26 39 40 41 55
0 29 42 43 44 58
0 30 43 44 45 59
0 31 44 45 46 60
0 32 45 46 47 61
0 33 46 47 48 62
0 34 47 48 49 63
0 35 48 49 50 64
0 36 49 50 51 65
0 37 50 51 52 66
0 38 51 52 53 67
0 39 52 53 54 68
0 40 53 54 55 69
0 41 54 55 56 70
1 12 13 14 15 16
1 13 14 15 16 17
1 14 15 16 17 18
1 15 16 17 18 19
1 16 17 18 19 20
1 17 18 19 20 21
1 18 19 20 21 22
1 19 20 21 22 23
1 20 21 22 23 24
1 21 22 23 24 25
1 22 23 24 25 26
1 27 28 29 30 31
1 28 29 30 31 32
1 29 30 31 32 33
1 30 31 32 33 34
1 31 32 33 34 35
1 32 33 34 35 36
1 33 34 35 36 37
1 34 35 36 37 38
1 35 36 37 38 39
1 36 37 38 39 40
1 37 38 39 40 41
1 42 43 44 45 46
1 43 44 45 46 47
1 44 45 46 47 48
1 45 46 47 48 49
1 46 47 48 49 50
1 47 48 49 50 51
1 48 49 50 51 52
1 49 50 51 52 53
1 50 51 52 53 54
1 51 52 53 54 55
1 52 53 54 55 56
1 57 58 59 60 61
1 58 59 60 61 62
1 59 60 61 62 63
1 60 61 62 63 64
1 61 62 63 64 65
1 62 63 64 65 66
1 63 64 65 66 67
1 64 65 66 67 68
1 65 66 67 68 69
1 66 67 68 69 70
1 67 68 69 70 71
2 12 27 42 57 58
2 17 32 47 62 63
2 22 37 52 67 68
2 16 31 46 60 61
2 21 36 51 65 66
2 26 41 56 70 71
2 12 13 14 15 27
2 13 14 15 16 28
2 14 15 16 17 29
2 15 16 17 18 30
2 16 17 18 19 31
2 17 18 19 20 32
2 18 19 20 21 33
2 19 20 21 22 34
2 20 21 22 23 35
2 21 22 23 24 36
2 22 23 24 25 37
2 23 24 25 26 38
2 27 28 29 30 42
2 28 29 30 31 43
2 29 30 31 32 44
2 30 31 32 33 45
2 31 32 33 34 46
2 32 33 34 35 47
2 33 34 35 36 48
2 34 35 36 37 49
2 35 36 37 38 50
2 36 37 38 39 51
2 37 38 39 40 52
2 38 39 40 41 53
2 42 43 44 45 57
2 43 44 45 46 58
2 44 45 46 47 59
2 45 46 47 48 60
2 46 47 48 49 61
2 47 48 49 50 62
2 48 49 50 51 63
2 49 50 51 52 64
2 50 51 52 53 65
2 51 52 53 54 66
2 52 53 54 55 67
2 53 54 55 56 68
2 12 13 14 15 30
2 13 14 15 16 31
2 14 15 16 17 32
2 15 16 17 18 33
2 16 17 18 19 34
2 17 18 19 20 35
2 18 19 20 21 36
2 19 20 21 22 37
2 20 21 22 23 38
2 21 22 23 24 39
2 22 23 24 25 40
2 23 24 25 26 41
2 27 28 29 30 45
2 28 29 30 31 46
2 29 30 31 32 47
2 30 31 32 33 48
2 31 32 33 34 49
2 32 33 34 35 50
2 33 34 35 36 51
2 34 35 36 37 52
2 35 36 37 38 53
2 36 37 38 39 54
2 37 38 39 40 55
2 38 39 40 41 56
2 42 43 44 45 60
2 43 44 45 46 61
2 44 45 46 47 62
2 45 46 47 48 63
2 46 47 48 49 64
2 47 48 49 50 65
2 48 49 50 51 66
2 49 50 51 52 67
2 50 51 52 53 68
2 51 52 53 54 69
2 52 53 54 55 70
2 53 54 55 56 71
2 15 16 31 46 61
2 20 21 36 51 66
2 25 26 41 56 71
2 12 13 27 42 57
2 17 18 32 47 62
2 22 23 37 52 67
2 15 27 28 29 30
2 16 28 29 30 31
2 17 29 30 31 32
2 18 30 31 32 33
2 19 31 32 33 34
2 20 32 33 34 35
2 21 33 34 35 36
2 22 34 35 36 37
2 23 35 36 37 38
2 24 36 37 38 39
2 25 37 38 39 40
2 26 38 39 40 41
2 30 42 43 44 45
2 31 43 44 45 46
2 32 44 45 46 47
2 33 45 46 47 48
2 34 46 47 48 49
2 35 47 48 49 50
2 36 48 49 50 51
2 37 49 50 51 52
2 38 50 51 52 53
2 39 51 52 53 54
2 40 52 53 54 55
2 41 53 54 55 56
2 45 57 58 59 60
2 46 58 59 60 61
2 47 59 60 61 62
2 48 60 61 62 63
2 49 61 62 63 64
2 50 62 63 64 65
2 51 63 64 65 66
2 52 64 65 66 67
2 53 65 66 67 68
2 54 66 67 68 69
2 55 67 68 69 70
2 56 68 69 70 71
2 12 27 28 29 30
2 13 28 29 30 31
2 14 29 30 31 32
2 15 30 31 32 33
2 16 31 32 33 34
2 17 32 33 34 35
2 18 33 34 35 36
2 19 34 35 36 37
2 20 35 36 37 38
2 21 36 37 38 39
2 22 37 38 39 40
2 23 38 39 40 41
2 27 42 43 44 45
2 28 43 44 45 46
2 29 44 45 46 47
2 30 45 46 47 48
2 31 46 47 48 49
2 32 47 48 49 50
2 33 48 49 50 51
2 34 49 50 51 52
2 35 50 51 52 53
2 36 51 52 53 54
2 37 52 53 54 55
2 38 53 54 55 56
2 42 57 58 59 60
2 43 58 59 60 61
2 44 59 60 61 62
2 45 60 61 62 63
2 46 61 62 63 64
2 47 62 63 64 65
2 48 63 64 65 66
2 49 64 65 66 67
2 50 65 66 67 68
2 51 66 67 68 69
2 52 67 68 69 70
2 53 68 69 70 71
3 15 30 44 45 59
3 20 35 49 50 64
3 25 40 54 55 69
3 13 28 43 44 59
3 18 33 48 49 64
3 23 38 53 54 69
3 12 13 28 29 30
3 13 14 29 30 31
3 14 15 30 31 32
3 15 16 31 32 33
3 16 17 32 33 34
3 17 18 33 34 35
3 18 19 34 35 36
3 19 20 35 36 37
3 20 21 36 37 38
3 21 22 37 38 39
3 22 23 38 39 40
3 23 24 39 40 41
3 27 28 43 44 45
3 28 29 44 45 46
3 29 30 45 46 47
3 30 31 46 47 48
3 31 32 47 48 49
3 32 33 48 49 50
3 33 34 49 50 51
3 34 35 50 51 52
3 35 36 51 52 53
3 36 37 52 53 54
3 37 38 53 54 55
3 38 39 54 55 56
3 42 43 58 59 60
3 43 44 59 60 61
3 44 45 60 61 62
3 45 46 61 62 63
3 46 47 62 63 64
3 47 48 63 64 65
3 48 49 64 65 66
3 49 50 65 66 67
3 50 51 66 67 68
3 51 52 67 68 69
3 52 53 68 69 70
3 53 54 69 70 71
3 14 15 27 28 29
3 15 16 28 29 30
3 16 17 29 30 31
3 17 18 30 31 32
3 18 19 31 32 33
3 19 20 32 33 34
3 20 21 33 34 35
3 21 22 34 35 36
3 22 23 35 36 37
3 23 24 36 37 38
3 24 25 37 38 39
3 25 26 38 39 40
3 29 30 42 43 44
3 30 31 43 44 45
3 31 32 44 45 46
3 32 33 45 46 47
3 33 34 46 47 48
3 34 35 47 48 49
3 35 36 48 49 50
3 36 37 49 50 51
3 37 38 50 51 52
3 38 39 51 52 53
3 39 40 52 53 54
3 40 41 53 54 55
3 44 45 57 58 59
3 45 46 58 59 60
3 46 47 59 60 61
3 47 48 60 61 62
3 48 49 61 62 63
3 49 50 62 63 64
3 50 51 63 64 65
3 51 52 64 65 66
3 52 53 65 66 67
3 53 54 66 67 68
3 54 55 67 68 69
3 55 56 68 69 70
3 14 28 29 43 58
3 19 33 34 48 63
3 24 38 39 53 68
3 14 29 30 45 60
3 19 34 35 50 65
3 24 39 40 55 70
3 12 13 14 29 30
3 13 14 15 30 31
3 14 15 16 31 32
3 15 16 17 32 33
3 16 17 18 33 34
3 17 18 19 34 35
3 18 19 20 35 36
3 19 20 21 36 37
3 20 21 22 37 38
3 21 22 23 38 39
3 22 23 24 39 40
3 23 24 25 40 41
3 27 28 29 44 45
3 28 29 30 45 46
3 29 30 31 46 47
3 30 31 32 47 48
3 31 32 33 48 49
3 32 33 34 49 50
3 33 34 35 50 51
3 34 35 36 51 52
3 35 36 37 52 53
3 36 37 38 53 54
3 37 38 39 54 55
3 38 39 40 55 56
3 42 43 44 59 60
3 43 44 45 60 61
3 44 45 46 61 62
3 45 46 47 62 63
3 46 47 48 63 64
3 47 48 49 64 65
3 48 49 50 65 66
3 49 50 51 66 67
3 50 51 52 67 68
3 51 52 53 68 69
3 52 53 54 69 70
3 53 54 55 70 71
3 13 14 15 27 28
3 14 15 16 28 29
3 15 16 17 29 30
3 16 17 18 30 31
3 17 18 19 31 32
3 18 19 20 32 33
3 19 20 21 33 34
3 20 21 22 34 35
3 21 22 23 35 36
3 22 23 24 36 37
3 23 24 25 37 38
3 24 25 26 38 39
3 28 29 30 42 43
3 29 30 31 43 44
3 30 31 32 44 45
3 31 32 33 45 46
3 32 33 34 46 47
3 33 34 35 47 48
3 34 35 36 48 49
3 35 36 37 49 50
3 36 37 38 50 51
3 37 38 39 51 52
3 38 39 40 52 53
3 39 40 41 53 54
3 43 44 45 57 58
3 44 45 46 58 59
3 45 46 47 59 60
3 46 47 48 60 61
3 47 48 49 61 62
3 48 49 50 62 63
3 49 50 51 63 64
3 50 51 52 64 65
3 51 52 53 65 66
3 52 53 54 66 67
3 53 54 55 67 68
3 54 55 56 68 69
4 12 13 27 28 42
4 13 14 28 29 43
4 14 15 29 30 44
4 15 16 30 31 45
4 16 17 31 32 46
4 17 18 32 33 47
4 18 19 33 34 48
4 19 20 34 35 49
4 20 21 35 36 50
4 21 22 36 37 51
4 22 23 37 38 52
4 23 24 38 39 53
4 24 25 39 40 54
4 25 26 40 41 55
4 27 28 42 43 57
4 28 29 43 44 58
4 29 30 44 45 59
4 30 31 45 46 60
4 31 32 46 47 61
4 32 33 47 48 62
4 33 34 48 49 63
4 34 35 49 50 64
4 35 36 50 51 65
4 36 37 51 52 66
4 37 38 52 53 67
4 38 39 53 54 68
4 39 40 54 55 69
4 40 41 55 56 70
4 12 13 27 28 43
4 13 14 28 29 44
4 14 15 29 30 45
4 15 16 30 31 46
4 16 17 31 32 47
4 17 18 32 33 48
4 18 19 33 34 49
4 19 20 34 35 50
4 20 21 35 36 51
4 21 22 36 37 52
4 22 23 37 38 53
4 23 24 38 39 54
4 24 25 39 40 55
4 25 26 40 41 56
4 27 28 42 43 58
4 28 29 43 44 59
4 29 30 44 45 60
4 30 31 45 46 61
4 31 32 46 47 62
4 32 33 47 48 63
4 33 34 48 49 64
4 34 35 49 50 65
4 35 36 50 51 66
4 36 37 51 52 67
4 37 38 52 53 68
4 38 39 53 54 69
4 39 40 54 55 70
4 40 41 55 56 71
4 12 13 14 28 29
4 13 14 15 29 30
4 14 15 16 30 31
4 15 16 17 31 32
4 16 17 18 32 33
4 17 18 19 33 34
4 18 19 20 34 35
4 19 20 21 35 36
4 20 21 22 36 37
4 21 22 23 37 38
4 22 23 24 38 39
4 23 24 25 39 40
4 24 25 26 40 41
4 27 28 29 43 44
4 28 29 30 44 45
4 29 30 31 45 46
4 30 31 32 46 47
4 31 32 33 47 48
4 32 33 34 48 49
4 33 34 35 49 50
4 34 35 36 50 51
4 35 36 37 51 52
4 36 37 38 52 53
4 37 38 39 53 54
4 38 39 40 54 55
4 39 40 41 55 56
4 42 43 44 58 59
4 43 44 45 59 60
4 44 45 46 60 61
4 45 46 47 61 62
4 46 47 48 62 63
4 47 48 49 63 64
4 48 49 50 64 65
4 49 50 51 65 66
4 50 51 52 66 67
4 51 52 53 67 68
4 52 53 54 68 69
4 53 54 55 69 70
4 54 55 56 70 71
4 12 13 14 27 28
4 13 14 15 28 29
4 14 15 16 29 30
4 15 16 17 30 31
4 16 17 18 31 32
4 17 18 19 32 33
4 18 19 20 33 34
4 19 20 21 34 35
4 20 21 22 35 36
4 21 22 23 36 37
4 22 23 24 37 38
4 23 24 25 38 39
4 24 25 26 39 40
4 27 28 29 42 43
4 28 29 30 43 44
4 29 30 31 44 45
4 30 31 32 45 46
4 31 32 33 46 47
4 32 33 34 47 48
4 33 34 35 48 49
4 34 35 36 49 50
4 35 36 37 50 51
4 36 37 38 51 52
4 37 38 39 52 53
4 38 39 40 53 54
4 39 40 41 54 55
4 42 43 44 57 58
4 43 44 45 58 59
4 44 45 46 59 60
4 45 46 47 60 61
4 46 47 48 61 62
4 47 48 49 62 63
4 48 49 50 63 64
4 49 50 51 64 65
4 50 51 52 65 66
4 51 52 53 66 67
4 52 53 54 67 68
4 53 54 55 68 69
4 54 55 56 69 70
4 13 27 28 42 43
4 14 28 29 43 44
4 15 29 30 44 45
4 16 30 31 45 46
4 17 31 32 46 47
4 18 32 33 47 48
4 19 33 34 48 49
4 20 34 35 49 50
4 21 35 36 50 51
4 22 36 37 51 52
4 23 37 38 52 53
4 24 38 39 53 54
4 25 39 40 54 55
4 26 40 41 55 56
4 28 42 43 57 58
4 29 43 44 58 59
4 30 44 45 59 60
4 31 45 46 60 61
4 32 46 47 61 62
4 33 47 48 62 63
4 34 48 49 63 64
4 35 49 50 64 65
4 36 50 51 65 66
4 37 51 52 66 67
4 38 52 53 67 68
4 39 53 54 68 69
4 40 54 55 69 70
4 41 55 56 70 71
4 12 27 28 42 43
4 13 28 29 43 44
4 14 29 30 44 45
4 15 30 31 45 46
4 16 31 32 46 47
4 17 32 33 47 48
4 18 33 34 48 49
4 19 34 35 49 50
4 20 35 36 50 51
4 21 36 37 51 52
4 22 37 38 52 53
4 23 38 39 53 54
4 24 39 40 54 55
4 25 40 41 55 56
4 27 42 43 57 58
4 28 43 44 58 59
4 29 44 45 59 60
4 30 45 46 60 61
4 31 46 47 61 62
4 32 47 48 62 63
4 33 48 49 63 64
4 34 49 50 64 65
4 35 50 51 65 66
4 36 51 52 66 67
4 37 52 53 67 68
4 38 53 54 68 69
4 39 54 55 69 70
4 40 55 56 70 71
4 12 13 27 28 29
4 13 14 28 29 30
4 14 15 29 30 31
4 15 16 30 31 32
4 16 17 31 32 33
4 17 18 32 33 34
4 18 19 33 34 35
4 19 20 34 35 36
4 20 21 35 36 37
4 21 22 36 37 38
4 22 23 37 38 39
4 23 24 38 39 40
4 24 25 39 40 41
4 27 28 42 43 44
4 28 29 43 44 45
4 29 30 44 45 46
4 30 31 45 46 47
4 31 32 46 47 48
4 32 33 47 48 49
4 33 34 48 49 50
4 34 35 49 50 51
4 35 36 50 51 52
4 36 37 51 52 53
4 37 38 52 53 54
4 38 39 53 54 55
4 39 40 54 55 56
4 42 43 57 58 59
4 43 44 58 59 60
4 44 45 59 60 61
4 45 46 60 61 62
4 46 47 61 62 63
4 47 48 62 63 64
4 48 49 63 64 65
4 49 50 64 65 66
4 50 51 65 66 67
4 51 52 66 67 68
4 52 53 67 68 69
4 53 54 68 69 70
4 54 55 69 70 71
4 13 14 27 28 29
4 14 15 28 29 30
4 15 16 29 30 31
4 16 17 30 31 32
4 17 18 31 32 33
4 18 19 32 33 34
4 19 20 33 34 35
4 20 21 34 35 36
4 21 22 35 36 37
4 22 23 36 37 38
4 23 24 37 38 39
4 24 25 38 39 40
4 25 26 39 40 41
4 28 29 42 43 44
4 29 30 43 44 45
4 30 31 44 45 46
4 31 32 45 46 47
4 32 33 46 47 48
4 33 34 47 48 49
4 34 35 48 49 50
4 35 36 49 50 51
4 36 37 50 51 52
4 37 38 51 52 53
4 38 39 52 53 54
4 39 40 53 54 55
4 40 41 54 55 56
4 43 44 57 58 59
4 44 45 58 59 60
4 45 46 59 60 61
4 46 47 60 61 62
4 47 48 61 62 63
4 48 49 62 63 64
4 49 50 63 64 65
4 50 51 64 65 66
4 51 52 65 66 67
4 52 53 66 67 68
4 53 54 67 68 69
4 54 55 68 69 70
4 55 56 69 70 71
5 12 13 14 28 43
5 13 14 15 29 44
5 14 15 16 30 45
5 15 16 17 31 46
5 16 17 18 32 47
5 17 18 19 33 48
5 18 19 20 34 49
5 19 20 21 35 50
5 20 21 22 36 51
5 21 22 23 37 52
5 22 23 24 38 53
5 23 24 25 39 54
5 24 25 26 40 55
5 27 28 29 43 58
5 28 29 30 44 59
5 29 30 31 45 60
5 30 31 32 46 61
5 31 32 33 47 62
5 32 33 34 48 63
5 33 34 35 49 64
5 34 35 36 50 65
5 35 36 37 51 66
5 36 37 38 52 67
5 37 38 39 53 68
5 38 39 40 54 69
5 39 40 41 55 70
5 14 27 28 29 44
5 15 28 29 30 45
5 16 29 30 31 46
5 17 30 31 32 47
5 18 31 32 33 48
5 19 32 33 34 49
5 20 33 34 35 50
5 21 34 35 36 51
5 22 35 36 37 52
5 23 36 37 38 53
5 24 37 38 39 54
5 25 38 39 40 55
5 26 39 40 41 56
5 29 42 43 44 59
5 30 43 44 45 60
5 31 44 45 46 61
5 32 45 46 47 62
5 33 46 47 48 63
5 34 47 48 49 64
5 35 48 49 50 65
5 36 49 50 51 66
5 37 50 51 52 67
5 38 51 52 53 68
5 39 52 53 54 69
5 40 53 54 55 70
5 41 54 55 56 71
5 12 27 28 29 42
5 13 28 29 30 43
5 14 29 30 31 44
5 15 30 31 32 45
5 16 31 32 33 46
5 17 32 33 34 47
5 18 33 34 35 48
5 19 34 35 36 49
5 20 35 36 37 50
5 21 36 37 38 51
5 22 37 38 39 52
5 23 38 39 40 53
5 24 39 40 41 54
5 27 42 43 44 57
5 28 43 44 45 58
5 29 44 45 46 59
5 30 45 46 47 60
5 31 46 47 48 61
5 32 47 48 49 62
5 33 48 49 50 63
5 34 49 50 51 64
5 35 50 51 52 65
5 36 51 52 53 66
5 37 52 53 54 67
5 38 53 54 55 68
5 39 54 55 56 69
5 13 28 42 43 44
5 14 29 43 44 45
5 15 30 44 45 46
5 16 31 45 46 47
5 17 32 46 47 48
5 18 33 47 48 49
5 19 34 48 49 50
5 20 35 49 50 51
5 21 36 50 51 52
5 22 37 51 52 53
5 23 38 52 53 54
5 24 39 53 54 55
5 25 40 54 55 56
5 28 43 57 58 59
5 29 44 58 59 60
5 30 45 59 60 61
5 31 46 60 61 62
5 32 47 61 62 63
5 33 48 62 63 64
5 34 49 63 64 65
5 35 50 64 65 66
5 36 51 65 66 67
5 37 52 66 67 68
5 38 53 67 68 69
5 39 54 68 69 70
5 40 55 69 70 71
6 12 14 27 28 29
6 13 15 28 29 30
6 14 16 29 30 31
6 15 17 30 31 32
6 16 18 31 32 33
6 17 19 32 33 34
6 18 20 33 34 35
6 19 21 34 35 36
6 20 22 35 36 37
6 21 23 36 37 38
6 22 24 37 38 39
6 23 25 38 39 40
6 24 26 39 40 41
6 27 29 42 43 44
6 28 30 43 44 45
6 29 31 44 45 46
6 30 32 45 46 47
6 31 33 46 47 48
6 32 34 47 48 49
6 33 35 48 49 50
6 34 36 49 50 51
6 35 37 50 51 52
6 36 38 51 52 53
6 37 39 52 53 54
6 38 40 53 54 55
6 39 41 54 55 56
6 42 44 57 58 59
6 43 45 58 59 60
6 44 46 59 60 61
6 45 47 60 61 62
6 46 48 61 62 63
6 47 49 62 63 64
6 48 50 63 64 65
6 49 51 64 65 66
6 50 52 65 66 67
6 51 53 66 67 68
6 52 54 67 68 69
6 53 55 68 69 70
6 54 56 69 70 71
6 12 13 27 42 43
6 13 14 28 43 44
6 14 15 29 44 45
6 15 16 30 45 46
6 16 17 31 46 47
6 17 18 32 47 48
6 18 19 33 48 49
6 19 20 34 49 50
6 20 21 35 50 51
6 21 22 36 51 52
6 22 23 37 52 53
6 23 24 38 53 54
6 24 25 39 54 55
6 25 26 40 55 56
6 27 28 42 57 58
6 28 29 43 58 59
6 29 30 44 59 60
6 30 31 45 60 61
6 31 32 46 61 62
6 32 33 47 62 63
6 33 34 48 63 64
6 34 35 49 64 65
6 35 36 50 65 66
6 36 37 51 66 67
6 37 38 52 67 68
6 38 39 53 68 69
6 39 40 54 69 70
6 40 41 55 70 71
6 12 13 28 42 43
6 13 14 29 43 44
6 14 15 30 44 45
6 15 16 31 45 46
6 16 17 32 46 47
6 17 18 33 47 48
6 18 19 34 48 49
6 19 20 35 49 50
6 20 21 36 50 51
6 21 22 37 51 52
6 22 23 38 52 53
6 23 24 39 53 54
6 24 25 40 54 55
6 25 26 41 55 56
6 27 28 43 57 58
6 28 29 44 58 59
6 29 30 45 59 60
6 30 31 46 60 61
6 31 32 47 61 62
6 32 33 48 62 63
6 33 34 49 63 64
6 34 35 50 64 65
6 35 36 51 65 66
6 36 37 52 66 67
6 37 38 53 67 68
6 38 39 54 68 69
6 39 40 55 69 70
6 40 41 56 70 71
6 12 13 14 27 29
6 13 14 15 28 30
6 14 15 16 29 31
6 15 16 17 30 32
6 16 17 18 31 33
6 17 18 19 32 34
6 18 19 20 33 35
6 19 20 21 34 36
6 20 21 22 35 37
6 21 22 23 36 38
6 22 23 24 37 39
6 23 24 25 38 40
6 24 25 26 39 41
6 27 28 29 42 44
6 28 29 30 43 45
6 29 30 31 44 46
6 30 31 32 45 47
6 31 32 33 46 48
6 32 33 34 47 49
6 33 34 35 48 50
6 34 35 36 49 51
6 35 36 37 50 52
6 36 37 38 51 53
6 37 38 39 52 54
6 38 39 40 53 55
6 39 40 41 54 56
6 42 43 44 57 59
6 43 44 45 58 60
6 44 45 46 59 61
6 45 46 47 60 62
6 46 47 48 61 63
6 47 48 49 62 64
6 48 49 50 63 65
6 49 50 51 64 66
6 50 51 52 65 67
6 51 52 53 66 68
6 52 53 54 67 69
6 53 54 55 68 70
6 54 55 56 69 71
7 12 13 14 27 42
7 13 14 15 28 43
7 14 15 16 29 44
7 15 16 17 30 45
7 16 17 18 31 46
7 17 18 19 32 47
7 18 19 20 33 48
7 19 20 21 34 49
7 20 21 22 35 50
7 21 22 23 36 51
7 22 23 24 37 52
7 23 24 25 38 53
7 24 25 26 39 54
7 27 28 29 42 57
7 28 29 30 43 58
7 29 30 31 44 59
7 30 31 32 45 60
7 31 32 33 46 61
7 32 33 34 47 62
7 33 34 35 48 63
7 34 35 36 49 64
7 35 36 37 50 65
7 36 37 38 51 66
7 37 38 39 52 67
7 38 39 40 53 68
7 39 40 41 54 69
8 12 27 28 43 44
8 13 28 29 44 45
8 14 29 30 45 46
8 15 30 31 46 47
8 16 31 32 47 48
8 17 32 33 48 49
8 18 33 34 49 50
8 19 34 35 50 51
8 20 35 36 51 52
8 21 36 37 52 53
8 22 37 38 53 54
8 23 38 39 54 55
8 24 39 40 55 56
8 27 42 43 58 59
8 28 43 44 59 60
8 29 44 45 60 61
8 30 45 46 61 62
8 31 46 47 62 63
8 32 47 48 63 64
8 33 48 49 64 65
8 34 49 50 65 66
8 35 50 51 66 67
8 36 51 52 67 68
8 37 52 53 68 69
8 38 53 54 69 70
8 39 54 55 70 71
8 14 28 29 42 43
8 15 29 30 43 44
8 16 30 31 44 45
8 17 31 32 45 46
8 18 32 33 46 47
8 19 33 34 47 48
8 20 34 35 48 49
8 21 35 36 49 50
8 22 36 37 50 51
8 23 37 38 51 52
8 24 38 39 52 53
8 25 39 40 53 54
8 26 40 41 54 55
8 29 43 44 57 58
8 30 44 45 58 59
8 31 45 46 59 60
8 32 46 47 60 61
8 33 47 48 61 62
8 34 48 49 62 63
8 35 49 50 63 64
8 36 50 51 64 65
8 37 51 52 65 66
8 38 52 53 66 67
8 39 53 54 67 68
8 40 54 55 68 69
8 41 55 56 69 70
8 13 14 27 28 42
8 14 15 28 29 43
8 15 16 29 30 44
8 16 17 30 31 45
8 17 18 31 32 46
8 18 19 32 33 47
8 19 20 33 34 48
8 20 21 34 35 49
8 21 22 35 36 50
8 22 23 36 37 51
8 23 24 37 38 52
8 24 25 38 39 53
8 25 26 39 40 54
8 28 29 42 43 57
8 29 30 43 44 58
8 30 31 44 45 59
8 31 32 45 46 60
8 32 33 46 47 61
8 33 34 47 48 62
8 34 35 48 49 63
8 35 36 49 50 64
8 36 37 50 51 65
8 37 38 51 52 66
8 38 39 52 53 67
8 39 40 53 54 68
8 40 41 54 55 69
8 12 13 28 29 44
8 13 14 29 30 45
8 14 15 30 31 46
8 15 16 31 32 47
8 16 17 32 33 48
8 17 18 33 34 49
8 18 19 34 35 50
8 19 20 35 36 51
8 20 21 36 37 52
8 21 22 37 38 53
8 22 23 38 39 54
8 23 24 39 40 55
8 24 25 40 41 56
8 27 28 43 44 59
8 28 29 44 45 60
8 29 30 45 46 61
8 30 31 46 47 62
8 31 32 47 48 63
8 32 33 48 49 64
8 33 34 49 50 65
8 34 35 50 51 66
8 35 36 51 52 67
8 36 37 52 53 68
8 37 38 53 54 69
8 38 39 54 55 70
8 39 40 55 56 71
9 13 27 28 29 43
9 14 28 29 30 44
9 15 29 30 31 45
9 16 30 31 32 46
9 17 31 32 33 47
9 18 32 33 34 48
9 19 33 34 35 49
9 20 34 35 36 50
9 21 35 36 37 51
9 22 36 37 38 52
9 23 37 38 39 53
9 24 38 39 40 54
9 25 39 40 41 55
9 28 42 43 44 58
9 29 43 44 45 59
9 30 44 45 46 60
9 31 45 46 47 61
9 32 46 47 48 62
9 33 47 48 49 63
9 34 48 49 50 64
9 35 49 50 51 65
9 36 50 51 52 66
9 37 51 52 53 67
9 38 52 53 54 68
9 39 53 54 55 69
9 40 54 55 56 70
10 16 30 31 46 61
10 21 35 36 51 66
10 26 40 41 56 71
10 12 27 28 42 57
10 17 32 33 47 62
10 22 37 38 52 67
10 14 27 28 29 30
10 15 28 29 30 31
10 16 29 30 31 32
10 17 30 31 32 33
10 18 31 32 33 34
10 19 32 33 34 35
10 20 33 34 35 36
10 21 34 35 36 37
10 22 35 36 37 38
10 23 36 37 38 39
10 24 37 38 39 40
10 25 38 39 40 41
10 29 42 43 44 45
10 30 43 44 45 46
10 31 44 45 46 47
10 32 45 46 47 48
10 33 46 47 48 49
10 34 47 48 49 50
10 35 48 49 50 51
10 36 49 50 51 52
10 37 50 51 52 53
10 38 51 52 53 54
10 39 52 53 54 55
10 40 53 54 55 56
10 44 57 58 59 60
10 45 58 59 60 61
10 46 59 60 61 62
10 47 60 61 62 63
10 48 61 62 63 64
10 49 62 63 64 65
10 50 63 64 65 66
10 51 64 65 66 67
10 52 65 66 67 68
10 53 66 67 68 69
10 54 67 68 69 70
10 55 68 69 70 71
10 13 27 28 29 30
10 14 28 29 30 31
10 15 29 30 31 32
10 16 30 31 32 33
10 17 31 32 33 34
10 18 32 33 34 35
10 19 33 34 35 36
10 20 34 35 36 37
10 21 35 36 37 38
10 22 36 37 38 39
10 23 37 38 39 40
10 24 38 39 40 41
10 28 42 43 44 45
10 29 43 44 45 46
10 30 44 45 46 47
10 31 45 46 47 48
10 32 46 47 48 49
10 33 47 48 49 50
10 34 48 49 50 51
10 35 49 50 51 52
10 36 50 51 52 53
10 37 51 52 53 54
10 38 52 53 54 55
10 39 53 54 55 56
10 43 57 58 59 60
10 44 58 59 60 61
10 45 59 60 61 62
10 46 60 61 62 63
10 47 61 62 63 64
10 48 62 63 64 65
10 49 63 64 65 66
10 50 64 65 66 67
10 51 65 66 67 68
10 52 66 67 68 69
10 53 67 68 69 70
10 54 68 69 70 71
10 12 27 42 43 57
10 17 32 47 48 62
10 22 37 52 53 67
10 16 31 45 46 61
10 21 36 50 51 66
10 26 41 55 56 71
10 12 13 14 15 28
10 13 14 15 16 29
10 14 15 16 17 30
10 15 16 17 18 31
10 16 17 18 19 32
10 17 18 19 20 33
10 18 19 20 21 34
10 19 20 21 22 35
10 20 21 22 23 36
10 21 22 23 24 37
10 22 23 24 25 38
10 23 24 25 26 39
10 27 28 29 30 43
10 28 29 30 31 44
10 29 30 31 32 45
10 30 31 32 33 46
10 31 32 33 34 47
10 32 33 34 35 48
10 33 34 35 36 49
10 34 35 36 37 50
10 35 36 37 38 51
10 36 37 38 39 52
10 37 38 39 40 53
10 38 39 40 41 54
10 42 43 44 45 58
10 43 44 45 46 59
10 44 45 46 47 60
10 45 46 47 48 61
10 46 47 48 49 62
10 47 48 49 50 63
10 48 49 50 51 64
10 49 50 51 52 65
10 50 51 52 53 66
10 51 52 53 54 67
10 52 53 54 55 68
10 53 54 55 56 69
10 12 13 14 15 29
10 13 14 15 16 30
10 14 15 16 17 31
10 15 16 17 18 32
10 16 17 18 19 33
10 17 18 19 20 34
10 18 19 20 21 35
10 19 20 21 22 36
10 20 21 22 23 37
10 21 22 23 24 38
10 22 23 24 25 39
10 23 24 25 26 40
10 27 28 29 30 44
10 28 29 30 31 45
10 29 30 31 32 46
10 30 31 32 33 47
10 31 32 33 34 48
10 32 33 34 35 49
10 33 34 35 36 50
10 34 35 36 37 51
10 35 36 37 38 52
10 36 37 38 39 53
10 37 38 39 40 54
10 38 39 40 41 55
10 42 43 44 45 59
10 43 44 45 46 60
10 44 45 46 47 61
10 45 46 47 48 62
10 46 47 48 49 63
10 47 48 49 50 64
10 48 49 50 51 65
10 49 50 51 52 66
10 50 51 52 53 67
10 51 52 53 54 68
10 52 53 54 55 69
10 53 54 55 56 70
11 12 13 28 43 44
11 13 14 29 44 45
11 14 15 30 45 46
11 15 16 31 46 47
11 16 17 32 47 48
11 17 18 33 48 49
11 18 19 34 49 50
11 19 20 35 50 51
11 20 21 36 51 52
11 21 22 37 52 53
11 22 23 38 53 54
11 23 24 39 54 55
11 24 25 40 55 56
11 27 28 43 58 59
11 28 29 44 59 60
11 29 30 45 60 61
11 30 31 46 61 62
11 31 32 47 62 63
11 32 33 48 63 64
11 33 34 49 64 65
11 34 35 50 65 66
11 35 36 51 66 67
11 36 37 52 67 68
11 37 38 53 68 69
11 38 39 54 69 70
11 39 40 55 70 71
11 13 14 28 42 43
11 14 15 29 43 44
11 15 16 30 44 45
11 16 17 31 45 46
11 17 18 32 46 47
11 18 19 33 47 48
11 19 20 34 48 49
11 20 21 35 49 50
11 21 22 36 50 51
11 22 23 37 51 52
11 23 24 38 52 53
11 24 25 39 53 54
11 25 26 40 54 55
11 28 29 43 57 58
11 29 30 44 58 59
11 30 31 45 59 60
11 31 32 46 60 61
11 32 33 47 61 62
11 33 34 48 62 63
11 34 35 49 63 64
11 35 36 50 64 65
11 36 37 51 65 66
11 37 38 52 66 67
11 38 39 53 67 68
11 39 40 54 68 69
11 40 41 55 69 70
11 14 27 28 29 42
11 15 28 29 30 43
11 16 29 30 31 44
11 17 30 31 32 45
11 18 31 32 33 46
11 19 32 33 34 47
11 20 33 34 35 48
11 21 34 35 36 49
11 22 35 36 37 50
11 23 36 37 38 51
11 24 37 38 39 52
11 25 38 39 40 53
11 26 39 40 41 54
11 29 42 43 44 57
11 30 43 44 45 58
11 31 44 45 46 59
11 32 45 46 47 60
11 33 46 47 48 61
11 34 47 48 49 62
11 35 48 49 50 63
11 36 49 50 51 64
11 37 50 51 52 65
11 38 51 52 53 66
11 39 52 53 54 67
11 40 53 54 55 68
11 41 54 55 56 69
11 12 27 28 29 44
11 13 28 29 30 45
11 14 29 30 31 46
11 15 30 31 32 47
11 16 31 32 33 48
11 17 32 33 34 49
11 18 33 34 35 50
11 19 34 35 36 51
11 20 35 36 37 52
11 21 36 37 38 53
11 22 37 38 39 54
11 23 38 39 40 55
11 24 39 40 41 56
11 27 42 43 44 59
11 28 43 44 45 60
11 29 44 45 46 61
11 30 45 46 47 62
11 31 46 47 48 63
11 32 47 48 49 64
11 33 48 49 50 65
11 34 49 50 51 66
11 35 50 51 52 67
11 36 51 52 53 68
11 37 52 53 54 69
11 38 53 54 55 70
11 39 54 55 56 71
