72 0 2056
R
O
Q
S
P
T
U
V
W
X
Y
Z
0
1
2
3
4
5
6
7
8
9
10
11
12
13
14
15
16
17
18
19
20
21
22
23
24
25
26
27
28
29
30
31
32
33
34
35
36
37
38
39
40
41
42
43
44
45
46
47
48
49
50
51
52
53
54
55
56
57
58
59
0 13 14 22 23 33
0 14 15 23 24 34
0 15 16 24 25 35
0 16 17 25 26 36
0 17 18 26 27 37
0 18 19 27 28 38
0 19 20 28 29 39
0 20 21 29 30 40
0 23 24 32 33 43
0 24 25 33 34 44
0 25 26 34 35 45
0 26 27 35 36 46
0 27 28 36 37 47
0 28 29 37 38 48
0 29 30 38 39 49
0 30 31 39 40 50
0 33 34 42 43 53
0 34 35 43 44 54
0 35 36 44 45 55
0 36 37 45 46 56
0 37 38 46 47 57
0 38 39 47 48 58
0 39 40 48 49 59
0 40 41 49 50 60
0 43 44 52 53 63
0 44 45 53 54 64
0 45 46 54 55 65
0 46 47 55 56 66
0 47 48 56 57 67
0 48 49 57 58 68
0 49 50 58 59 69
0 50 51 59 60 70
0 12 13 23 24 33
0 13 14 24 25 34
0 14 15 25 26 35
0 15 16 26 27 36
0 16 17 27 28 37
0 17 18 28 29 38
0 18 19 29 30 39
0 19 20 30 31 40
0 22 23 33 34 43
0 23 24 34 35 44
0 24 25 35 36 45
0 25 26 36 37 46
0 26 27 37 38 47
0 27 28 38 39 48
0 28 29 39 40 49
0 29 30 40 41 50
0 32 33 43 44 53
0 33 34 44 45 54
0 34 35 45 46 55
0 35 36 46 47 56
0 36 37 47 48 57
0 37 38 48 49 58
0 38 39 49 50 59
0 39 40 50 51 60
0 42 43 53 54 63
0 43 44 54 55 64
0 44 45 55 56 65
0 45 46 56 57 66
0 46 47 57 58 67
0 47 48 58 59 68
0 48 49 59 60 69
0 49 50 60 61 70
0 13 22 23 24 34
0 14 23 24 25 35
0 15 24 25 26 36
0 16 25 26 27 37
0 17 26 27 28 38
0 18 27 28 29 39
0 19 28 29 30 40
0 20 29 30 31 41
0 23 32 33 34 44
0 24 33 34 35 45
0 25 34 35 36 46
0 26 35 36 37 47
0 27 36 37 38 48
0 28 37 38 39 49
0 29 38 39 40 50
0 30 39 40 41 51
0 33 42 43 44 54
0 34 43 44 45 55
0 35 44 45 46 56
0 36 45 46 47 57
0 37 46 47 48 58
0 38 47 48 49 59
0 39 48 49 50 60
0 40 49 50 51 61
0 43 52 53 54 64
0 44 53 54 55 65
0 45 54 55 56 66
0 46 55 56 57 67
0 47 56 57 58 68
0 48 57 58 59 69
0 49 58 59 60 70
0 50 59 60 61 71
0 13 22 23 24 32
0 14 23 24 25 33
0 15 24 25 26 34
0 16 25 26 27 35
0 17 26 27 28 36
0 18 27 28 29 37
0 19 28 29 30 38
0 20 29 30 31 39
0 23 32 33 34 42
0 24 33 34 35 43
0 25 34 35 36 44
0 26 35 36 37 45
0 27 36 37 38 46
0 28 37 38 39 47
0 29 38 39 40 48
0 30 39 40 41 49
0 33 42 43 44 52
0 34 43 44 45 53
0 35 44 45 46 54
0 36 45 46 47 55
0 37 46 47 48 56
0 38 47 48 49 57
0 39 48 49 50 58
0 40 49 50 51 59
0 43 52 53 54 62
0 44 53 54 55 63
0 45 54 55 56 64
0 46 55 56 57 65
0 47 56 57 58 66
0 48 57 58 59 67
0 49 58 59 60 68
0 50 59 60 61 69
0 13 23 24 32 33
0 14 24 25 33 34
0 15 25 26 34 35
0 16 26 27 35 36
0 17 27 28 36 37
0 18 28 29 37 38
0 19 29 30 38 39
0 20 30 31 39 40
0 23 33 34 42 43
0 24 34 35 43 44
0 25 35 36 44 45
0 26 36 37 45 46
0 27 37 38 46 47
0 28 38 39 47 48
0 29 39 40 48 49
0 30 40 41 49 50
0 33 43 44 52 53
0 34 44 45 53 54
0 35 45 46 54 55
0 36 46 47 55 56
0 37 47 48 56 57
0 38 48 49 57 58
0 39 49 50 58 59
0 40 50 51 59 60
0 43 53 54 62 63
0 44 54 55 63 64
0 45 55 56 64 65
0 46 56 57 65 66
0 47 57 58 66 67
0 48 58 59 67 68
0 49 59 60 68 69
0 50 60 61 69 70
0 13 22 23 33 34
0 14 23 24 34 35
0 15 24 25 35 36
0 16 25 26 36 37
0 17 26 27 37 38
0 18 27 28 38 39
0 19 28 29 39 40
0 20 29 30 40 41
0 23 32 33 43 44
0 24 33 34 44 45
0 25 34 35 45 46
0 26 35 36 46 47
0 27 36 37 47 48
0 28 37 38 48 49
0 29 38 39 49 50
0 30 39 40 50 51
0 33 42 43 53 54
0 34 43 44 54 55
0 35 44 45 55 56
0 36 45 46 56 57
0 37 46 47 57 58
0 38 47 48 58 59
0 39 48 49 59 60
0 40 49 50 60 61
0 43 52 53 63 64
0 44 53 54 64 65
0 45 54 55 65 66
0 46 55 56 66 67
0 47 56 57 67 68
0 48 57 58 68 69
0 49 58 59 69 70
0 50 59 60 70 71
0 12 22 23 24 33
0 13 23 24 25 34
0 14 24 25 26 35
0 15 25 26 27 36
0 16 26 27 28 37
0 17 27 28 29 38
0 18 28 29 30 39
0 19 29 30 31 40
0 22 32 33 34 43
0 23 33 34 35 44
0 24 34 35 36 45
0 25 35 36 37 46
0 26 36 37 38 47
0 27 37 38 39 48
0 28 38 39 40 49
0 29 39 40 41 50
0 32 42 43 44 53
0 33 43 44 45 54
0 34 44 45 46 55
0 35 45 46 47 56
0 36 46 47 48 57
0 37 47 48 49 58
0 38 48 49 50 59
0 39 49 50 51 60
0 42 52 53 54 63
0 43 53 54 55 64
0 44 54 55 56 65
0 45 55 56 57 66
0 46 56 57 58 67
0 47 57 58 59 68
0 48 58 59 60 69
0 49 59 60 61 70
0 14 22 23 24 33
0 15 23 24 25 34
0 16 24 25 26 35
0 17 25 26 27 36
0 18 26 27 28 37
0 19 27 28 29 38
0 20 28 29 30 39
0 21 29 30 31 40
0 24 32 33 34 43
0 25 33 34 35 44
0 26 34 35 36 45
0 27 35 36 37 46
0 28 36 37 38 47
0 29 37 38 39 48
0 30 38 39 40 49
0 31 39 40 41 50
0 34 42 43 44 53
0 35 43 44 45 54
0 36 44 45 46 55
0 37 45 46 47 56
0 38 46 47 48 57
0 39 47 48 49 58
0 40 48 49 50 59
0 41 49 50 51 60
0 44 52 53 54 63
0 45 53 54 55 64
0 46 54 55 56 65
0 47 55 56 57 66
0 48 56 57 58 67
0 49 57 58 59 68
0 50 58 59 60 69
0 51 59 60 61 70
1 12 22 32 42 52
1 13 23 33 43 53
1 14 24 34 44 54
1 15 25 35 45 55
1 16 26 36 46 56
1 17 27 37 47 57
1 18 28 38 48 58
1 19 29 39 49 59
1 20 30 40 50 60
1 21 31 41 51 61
1 22 32 42 52 62
1 23 33 43 53 63
1 24 34 44 54 64
1 25 35 45 55 65
1 26 36 46 56 66
1 27 37 47 57 67
1 28 38 48 58 68
1 29 39 49 59 69
1 30 40 50 60 70
1 31 41 51 61 71
1 12 13 14 15 16
1 13 14 15 16 17
1 14 15 16 17 18
1 15 16 17 18 19
1 16 17 18 19 20
1 17 18 19 20 21
1 22 23 24 25 26
1 23 24 25 26 27
1 24 25 26 27 28
1 25 26 27 28 29
1 26 27 28 29 30
1 27 28 29 30 31
1 32 33 34 35 36
1 33 34 35 36 37
1 34 35 36 37 38
1 35 36 37 38 39
1 36 37 38 39 40
1 37 38 39 40 41
1 42 43 44 45 46
1 43 44 45 46 47
1 44 45 46 47 48
1 45 46 47 48 49
1 46 47 48 49 50
1 47 48 49 50 51
1 52 53 54 55 56
1 53 54 55 56 57
1 54 55 56 57 58
1 55 56 57 58 59
1 56 57 58 59 60
1 57 58 59 60 61
1 62 63 64 65 66
1 63 64 65 66 67
1 64 65 66 67 68
1 65 66 67 68 69
1 66 67 68 69 70
1 67 68 69 70 71
2 12 22 32 42 43
2 13 23 33 43 44
2 14 24 34 44 45
2 15 25 35 45 46
2 16 26 36 46 47
2 17 27 37 47 48
2 18 28 38 48 49
2 19 29 39 49 50
2 20 30 40 50 51
2 22 32 42 52 53
2 23 33 43 53 54
2 24 34 44 54 55
2 25 35 45 55 56
2 26 36 46 56 57
2 27 37 47 57 58
2 28 38 48 58 59
2 29 39 49 59 60
2 30 40 50 60 61
2 32 42 52 62 63
2 33 43 53 63 64
2 34 44 54 64 65
2 35 45 55 65 66
2 36 46 56 66 67
2 37 47 57 67 68
2 38 48 58 68 69
2 39 49 59 69 70
2 40 50 60 70 71
2 13 23 33 42 43
2 14 24 34 43 44
2 15 25 35 44 45
2 16 26 36 45 46
2 17 27 37 46 47
2 18 28 38 47 48
2 19 29 39 48 49
2 20 30 40 49 50
2 21 31 41 50 51
2 23 33 43 52 53
2 24 34 44 53 54
2 25 35 45 54 55
2 26 36 46 55 56
2 27 37 47 56 57
2 28 38 48 57 58
2 29 39 49 58 59
2 30 40 50 59 60
2 31 41 51 60 61
2 33 43 53 62 63
2 34 44 54 63 64
2 35 45 55 64 65
2 36 46 56 65 66
2 37 47 57 66 67
2 38 48 58 67 68
2 39 49 59 68 69
2 40 50 60 69 70
2 41 51 61 70 71
2 12 13 14 15 22
2 13 14 15 16 23
2 14 15 16 17 24
2 15 16 17 18 25
2 16 17 18 19 26
2 17 18 19 20 27
2 18 19 20 21 28
2 22 23 24 25 32
2 23 24 25 26 33
2 24 25 26 27 34
2 25 26 27 28 35
2 26 27 28 29 36
2 27 28 29 30 37
2 28 29 30 31 38
2 32 33 34 35 42
2 33 34 35 36 43
2 34 35 36 37 44
2 35 36 37 38 45
2 36 37 38 39 46
2 37 38 39 40 47
2 38 39 40 41 48
2 42 43 44 45 52
2 43 44 45 46 53
2 44 45 46 47 54
2 45 46 47 48 55
2 46 47 48 49 56
2 47 48 49 50 57
2 48 49 50 51 58
2 52 53 54 55 62
2 53 54 55 56 63
2 54 55 56 57 64
2 55 56 57 58 65
2 56 57 58 59 66
2 57 58 59 60 67
2 58 59 60 61 68
2 12 13 14 15 25
2 13 14 15 16 26
2 14 15 16 17 27
2 15 16 17 18 28
2 16 17 18 19 29
2 17 18 19 20 30
2 18 19 20 21 31
2 22 23 24 25 35
2 23 24 25 26 36
2 24 25 26 27 37
2 25 26 27 28 38
2 26 27 28 29 39
2 27 28 29 30 40
2 28 29 30 31 41
2 32 33 34 35 45
2 33 34 35 36 46
2 34 35 36 37 47
2 35 36 37 38 48
2 36 37 38 39 49
2 37 38 39 40 50
2 38 39 40 41 51
2 42 43 44 45 55
2 43 44 45 46 56
2 44 45 46 47 57
2 45 46 47 48 58
2 46 47 48 49 59
2 47 48 49 50 60
2 48 49 50 51 61
2 52 53 54 55 65
2 53 54 55 56 66
2 54 55 56 57 67
2 55 56 57 58 68
2 56 57 58 59 69
2 57 58 59 60 70
2 58 59 60 61 71
2 12 13 23 33 43
2 13 14 24 34 44
2 14 15 25 35 45
2 15 16 26 36 46
2 16 17 27 37 47
2 17 18 28 38 48
2 18 19 29 39 49
2 19 20 30 40 50
2 20 21 31 41 51
2 22 23 33 43 53
2 23 24 34 44 54
2 24 25 35 45 55
2 25 26 36 46 56
2 26 27 37 47 57
2 27 28 38 48 58
2 28 29 39 49 59
2 29 30 40 50 60
2 30 31 41 51 61
2 32 33 43 53 63
2 33 34 44 54 64
2 34 35 45 55 65
2 35 36 46 56 66
2 36 37 47 57 67
2 37 38 48 58 68
2 38 39 49 59 69
2 39 40 50 60 70
2 40 41 51 61 71
2 12 13 22 32 42
2 13 14 23 33 43
2 14 15 24 34 44
2 15 16 25 35 45
2 16 17 26 36 46
2 17 18 27 37 47
2 18 19 28 38 48
2 19 20 29 39 49
2 20 21 30 40 50
2 22 23 32 42 52
2 23 24 33 43 53
2 24 25 34 44 54
2 25 26 35 45 55
2 26 27 36 46 56
2 27 28 37 47 57
2 28 29 38 48 58
2 29 30 39 49 59
2 30 31 40 50 60
2 32 33 42 52 62
2 33 34 43 53 63
2 34 35 44 54 64
2 35 36 45 55 65
2 36 37 46 56 66
2 37 38 47 57 67
2 38 39 48 58 68
2 39 40 49 59 69
2 40 41 50 60 70
2 15 22 23 24 25
2 16 23 24 25 26
2 17 24 25 26 27
2 18 25 26 27 28
2 19 26 27 28 29
2 20 27 28 29 30
2 21 28 29 30 31
2 25 32 33 34 35
2 26 33 34 35 36
2 27 34 35 36 37
2 28 35 36 37 38
2 29 36 37 38 39
2 30 37 38 39 40
2 31 38 39 40 41
2 35 42 43 44 45
2 36 43 44 45 46
2 37 44 45 46 47
2 38 45 46 47 48
2 39 46 47 48 49
2 40 47 48 49 50
2 41 48 49 50 51
2 45 52 53 54 55
2 46 53 54 55 56
2 47 54 55 56 57
2 48 55 56 57 58
2 49 56 57 58 59
2 50 57 58 59 60
2 51 58 59 60 61
2 55 62 63 64 65
2 56 63 64 65 66
2 57 64 65 66 67
2 58 65 66 67 68
2 59 66 67 68 69
2 60 67 68 69 70
2 61 68 69 70 71
2 12 22 23 24 25
2 13 23 24 25 26
2 14 24 25 26 27
2 15 25 26 27 28
2 16 26 27 28 29
2 17 27 28 29 30
2 18 28 29 30 31
2 22 32 33 34 35
2 23 33 34 35 36
2 24 34 35 36 37
2 25 35 36 37 38
2 26 36 37 38 39
2 27 37 38 39 40
2 28 38 39 40 41
2 32 42 43 44 45
2 33 43 44 45 46
2 34 44 45 46 47
2 35 45 46 47 48
2 36 46 47 48 49
2 37 47 48 49 50
2 38 48 49 50 51
2 42 52 53 54 55
2 43 53 54 55 56
2 44 54 55 56 57
2 45 55 56 57 58
2 46 56 57 58 59
2 47 57 58 59 60
2 48 58 59 60 61
2 52 62 63 64 65
2 53 63 64 65 66
2 54 64 65 66 67
2 55 65 66 67 68
2 56 66 67 68 69
2 57 67 68 69 70
2 58 68 69 70 71
3 13 23 32 33 42
3 14 24 33 34 43
3 15 25 34 35 44
3 16 26 35 36 45
3 17 27 36 37 46
3 18 28 37 38 47
3 19 29 38 39 48
3 20 30 39 40 49
3 21 31 40 41 50
3 23 33 42 43 52
3 24 34 43 44 53
3 25 35 44 45 54
3 26 36 45 46 55
3 27 37 46 47 56
3 28 38 47 48 57
3 29 39 48 49 58
3 30 40 49 50 59
3 31 41 50 51 60
3 33 43 52 53 62
3 34 44 53 54 63
3 35 45 54 55 64
3 36 46 55 56 65
3 37 47 56 57 66
3 38 48 57 58 67
3 39 49 58 59 68
3 40 50 59 60 69
3 41 51 60 61 70
3 12 22 32 33 43
3 13 23 33 34 44
3 14 24 34 35 45
3 15 25 35 36 46
3 16 26 36 37 47
3 17 27 37 38 48
3 18 28 38 39 49
3 19 29 39 40 50
3 20 30 40 41 51
3 22 32 42 43 53
3 23 33 43 44 54
3 24 34 44 45 55
3 25 35 45 46 56
3 26 36 46 47 57
3 27 37 47 48 58
3 28 38 48 49 59
3 29 39 49 50 60
3 30 40 50 51 61
3 32 42 52 53 63
3 33 43 53 54 64
3 34 44 54 55 65
3 35 45 55 56 66
3 36 46 56 57 67
3 37 47 57 58 68
3 38 48 58 59 69
3 39 49 59 60 70
3 40 50 60 61 71
3 12 13 23 24 25
3 13 14 24 25 26
3 14 15 25 26 27
3 15 16 26 27 28
3 16 17 27 28 29
3 17 18 28 29 30
3 18 19 29 30 31
3 22 23 33 34 35
3 23 24 34 35 36
3 24 25 35 36 37
3 25 26 36 37 38
3 26 27 37 38 39
3 27 28 38 39 40
3 28 29 39 40 41
3 32 33 43 44 45
3 33 34 44 45 46
3 34 35 45 46 47
3 35 36 46 47 48
3 36 37 47 48 49
3 37 38 48 49 50
3 38 39 49 50 51
3 42 43 53 54 55
3 43 44 54 55 56
3 44 45 55 56 57
3 45 46 56 57 58
3 46 47 57 58 59
3 47 48 58 59 60
3 48 49 59 60 61
3 52 53 63 64 65
3 53 54 64 65 66
3 54 55 65 66 67
3 55 56 66 67 68
3 56 57 67 68 69
3 57 58 68 69 70
3 58 59 69 70 71
3 14 15 22 23 24
3 15 16 23 24 25
3 16 17 24 25 26
3 17 18 25 26 27
3 18 19 26 27 28
3 19 20 27 28 29
3 20 21 28 29 30
3 24 25 32 33 34
3 25 26 33 34 35
3 26 27 34 35 36
3 27 28 35 36 37
3 28 29 36 37 38
3 29 30 37 38 39
3 30 31 38 39 40
3 34 35 42 43 44
3 35 36 43 44 45
3 36 37 44 45 46
3 37 38 45 46 47
3 38 39 46 47 48
3 39 40 47 48 49
3 40 41 48 49 50
3 44 45 52 53 54
3 45 46 53 54 55
3 46 47 54 55 56
3 47 48 55 56 57
3 48 49 56 57 58
3 49 50 57 58 59
3 50 51 58 59 60
3 54 55 62 63 64
3 55 56 63 64 65
3 56 57 64 65 66
3 57 58 65 66 67
3 58 59 66 67 68
3 59 60 67 68 69
3 60 61 68 69 70
3 13 22 23 32 42
3 14 23 24 33 43
3 15 24 25 34 44
3 16 25 26 35 45
3 17 26 27 36 46
3 18 27 28 37 47
3 19 28 29 38 48
3 20 29 30 39 49
3 21 30 31 40 50
3 23 32 33 42 52
3 24 33 34 43 53
3 25 34 35 44 54
3 26 35 36 45 55
3 27 36 37 46 56
3 28 37 38 47 57
3 29 38 39 48 58
3 30 39 40 49 59
3 31 40 41 50 60
3 33 42 43 52 62
3 34 43 44 53 63
3 35 44 45 54 64
3 36 45 46 55 65
3 37 46 47 56 66
3 38 47 48 57 67
3 39 48 49 58 68
3 40 49 50 59 69
3 41 50 51 60 70
3 12 22 23 33 43
3 13 23 24 34 44
3 14 24 25 35 45
3 15 25 26 36 46
3 16 26 27 37 47
3 17 27 28 38 48
3 18 28 29 39 49
3 19 29 30 40 50
3 20 30 31 41 51
3 22 32 33 43 53
3 23 33 34 44 54
3 24 34 35 45 55
3 25 35 36 46 56
3 26 36 37 47 57
3 27 37 38 48 58
3 28 38 39 49 59
3 29 39 40 50 60
3 30 40 41 51 61
3 32 42 43 53 63
3 33 43 44 54 64
3 34 44 45 55 65
3 35 45 46 56 66
3 36 46 47 57 67
3 37 47 48 58 68
3 38 48 49 59 69
3 39 49 50 60 70
3 40 50 51 61 71
3 12 13 14 24 25
3 13 14 15 25 26
3 14 15 16 26 27
3 15 16 17 27 28
3 16 17 18 28 29
3 17 18 19 29 30
3 18 19 20 30 31
3 22 23 24 34 35
3 23 24 25 35 36
3 24 25 26 36 37
3 25 26 27 37 38
3 26 27 28 38 39
3 27 28 29 39 40
3 28 29 30 40 41
3 32 33 34 44 45
3 33 34 35 45 46
3 34 35 36 46 47
3 35 36 37 47 48
3 36 37 38 48 49
3 37 38 39 49 50
3 38 39 40 50 51
3 42 43 44 54 55
3 43 44 45 55 56
3 44 45 46 56 57
3 45 46 47 57 58
3 46 47 48 58 59
3 47 48 49 59 60
3 48 49 50 60 61
3 52 53 54 64 65
3 53 54 55 65 66
3 54 55 56 66 67
3 55 56 57 67 68
3 56 57 58 68 69
3 57 58 59 69 70
3 58 59 60 70 71
3 13 14 15 22 23
3 14 15 16 23 24
3 15 16 17 24 25
3 16 17 18 25 26
3 17 18 19 26 27
3 18 19 20 27 28
3 19 20 21 28 29
3 23 24 25 32 33
3 24 25 26 33 34
3 25 26 27 34 35
3 26 27 28 35 36
3 27 28 29 36 37
3 28 29 30 37 38
3 29 30 31 38 39
3 33 34 35 42 43
3 34 35 36 43 44
3 35 36 37 44 45
3 36 37 38 45 46
3 37 38 39 46 47
3 38 39 40 47 48
3 39 40 41 48 49
3 43 44 45 52 53
3 44 45 46 53 54
3 45 46 47 54 55
3 46 47 48 55 56
3 47 48 49 56 57
3 48 49 50 57 58
3 49 50 51 58 59
3 53 54 55 62 63
3 54 55 56 63 64
3 55 56 57 64 65
3 56 57 58 65 66
3 57 58 59 66 67
3 58 59 60 67 68
3 59 60 61 68 69
4 12 13 22 23 32
4 13 14 23 24 33
4 14 15 24 25 34
4 15 16 25 26 35
4 16 17 26 27 36
4 17 18 27 28 37
4 18 19 28 29 38
4 19 20 29 30 39
4 20 21 30 31 40
4 22 23 32 33 42
4 23 24 33 34 43
4 24 25 34 35 44
4 25 26 35 36 45
4 26 27 36 37 46
4 27 28 37 38 47
4 28 29 38 39 48
4 29 30 39 40 49
4 30 31 40 41 50
4 32 33 42 43 52
4 33 34 43 44 53
4 34 35 44 45 54
4 35 36 45 46 55
4 36 37 46 47 56
4 37 38 47 48 57
4 38 39 48 49 58
4 39 40 49 50 59
4 40 41 50 51 60
4 42 43 52 53 62
4 43 44 53 54 63
4 44 45 54 55 64
4 45 46 55 56 65
4 46 47 56 57 66
4 47 48 57 58 67
4 48 49 58 59 68
4 49 50 59 60 69
4 50 51 60 61 70
4 12 13 22 23 33
4 13 14 23 24 34
4 14 15 24 25 35
4 15 16 25 26 36
4 16 17 26 27 37
4 17 18 27 28 38
4 18 19 28 29 39
4 19 20 29 30 40
4 20 21 30 31 41
4 22 23 32 33 43
4 23 24 33 34 44
4 24 25 34 35 45
4 25 26 35 36 46
4 26 27 36 37 47
4 27 28 37 38 48
4 28 29 38 39 49
4 29 30 39 40 50
4 30 31 40 41 51
4 32 33 42 43 53
4 33 34 43 44 54
4 34 35 44 45 55
4 35 36 45 46 56
4 36 37 46 47 57
4 37 38 47 48 58
4 38 39 48 49 59
4 39 40 49 50 60
4 40 41 50 51 61
4 42 43 52 53 63
4 43 44 53 54 64
4 44 45 54 55 65
4 45 46 55 56 66
4 46 47 56 57 67
4 47 48 57 58 68
4 48 49 58 59 69
4 49 50 59 60 70
4 50 51 60 61 71
4 12 13 14 23 24
4 13 14 15 24 25
4 14 15 16 25 26
4 15 16 17 26 27
4 16 17 18 27 28
4 17 18 19 28 29
4 18 19 20 29 30
4 19 20 21 30 31
4 22 23 24 33 34
4 23 24 25 34 35
4 24 25 26 35 36
4 25 26 27 36 37
4 26 27 28 37 38
4 27 28 29 38 39
4 28 29 30 39 40
4 29 30 31 40 41
4 32 33 34 43 44
4 33 34 35 44 45
4 34 35 36 45 46
4 35 36 37 46 47
4 36 37 38 47 48
4 37 38 39 48 49
4 38 39 40 49 50
4 39 40 41 50 51
4 42 43 44 53 54
4 43 44 45 54 55
4 44 45 46 55 56
4 45 46 47 56 57
4 46 47 48 57 58
4 47 48 49 58 59
4 48 49 50 59 60
4 49 50 51 60 61
4 52 53 54 63 64
4 53 54 55 64 65
4 54 55 56 65 66
4 55 56 57 66 67
4 56 57 58 67 68
4 57 58 59 68 69
4 58 59 60 69 70
4 59 60 61 70 71
4 12 13 14 22 23
4 13 14 15 23 24
4 14 15 16 24 25
4 15 16 17 25 26
4 16 17 18 26 27
4 17 18 19 27 28
4 18 19 20 28 29
4 19 20 21 29 30
4 22 23 24 32 33
4 23 24 25 33 34
4 24 25 26 34 35
4 25 26 27 35 36
4 26 27 28 36 37
4 27 28 29 37 38
4 28 29 30 38 39
4 29 30 31 39 40
4 32 33 34 42 43
4 33 34 35 43 44
4 34 35 36 44 45
4 35 36 37 45 46
4 36 37 38 46 47
4 37 38 39 47 48
4 38 39 40 48 49
4 39 40 41 49 50
4 42 43 44 52 53
4 43 44 45 53 54
4 44 45 46 54 55
4 45 46 47 55 56
4 46 47 48 56 57
4 47 48 49 57 58
4 48 49 50 58 59
4 49 50 51 59 60
4 52 53 54 62 63
4 53 54 55 63 64
4 54 55 56 64 65
4 55 56 57 65 66
4 56 57 58 66 67
4 57 58 59 67 68
4 58 59 60 68 69
4 59 60 61 69 70
4 13 22 23 32 33
4 14 23 24 33 34
4 15 24 25 34 35
4 16 25 26 35 36
4 17 26 27 36 37
4 18 27 28 37 38
4 19 28 29 38 39
4 20 29 30 39 40
4 21 30 31 40 41
4 23 32 33 42 43
4 24 33 34 43 44
4 25 34 35 44 45
4 26 35 36 45 46
4 27 36 37 46 47
4 28 37 38 47 48
4 29 38 39 48 49
4 30 39 40 49 50
4 31 40 41 50 51
4 33 42 43 52 53
4 34 43 44 53 54
4 35 44 45 54 55
4 36 45 46 55 56
4 37 46 47 56 57
4 38 47 48 57 58
4 39 48 49 58 59
4 40 49 50 59 60
4 41 50 51 60 61
4 43 52 53 62 63
4 44 53 54 63 64
4 45 54 55 64 65
4 46 55 56 65 66
4 47 56 57 66 67
4 48 57 58 67 68
4 49 58 59 68 69
4 50 59 60 69 70
4 51 60 61 70 71
4 12 22 23 32 33
4 13 23 24 33 34
4 14 24 25 34 35
4 15 25 26 35 36
4 16 26 27 36 37
4 17 27 28 37 38
4 18 28 29 38 39
4 19 29 30 39 40
4 20 30 31 40 41
4 22 32 33 42 43
4 23 33 34 43 44
4 24 34 35 44 45
4 25 35 36 45 46
4 26 36 37 46 47
4 27 37 38 47 48
4 28 38 39 48 49
4 29 39 40 49 50
4 30 40 41 50 51
4 32 42 43 52 53
4 33 43 44 53 54
4 34 44 45 54 55
4 35 45 46 55 56
4 36 46 47 56 57
4 37 47 48 57 58
4 38 48 49 58 59
4 39 49 50 59 60
4 40 50 51 60 61
4 42 52 53 62 63
4 43 53 54 63 64
4 44 54 55 64 65
4 45 55 56 65 66
4 46 56 57 66 67
4 47 57 58 67 68
4 48 58 59 68 69
4 49 59 60 69 70
4 50 60 61 70 71
4 12 13 22 23 24
4 13 14 23 24 25
4 14 15 24 25 26
4 15 16 25 26 27
4 16 17 26 27 28
4 17 18 27 28 29
4 18 19 28 29 30
4 19 20 29 30 31
4 22 23 32 33 34
4 23 24 33 34 35
4 24 25 34 35 36
4 25 26 35 36 37
4 26 27 36 37 38
4 27 28 37 38 39
4 28 29 38 39 40
4 29 30 39 40 41
4 32 33 42 43 44
4 33 34 43 44 45
4 34 35 44 45 46
4 35 36 45 46 47
4 36 37 46 47 48
4 37 38 47 48 49
4 38 39 48 49 50
4 39 40 49 50 51
4 42 43 52 53 54
4 43 44 53 54 55
4 44 45 54 55 56
4 45 46 55 56 57
4 46 47 56 57 58
4 47 48 57 58 59
4 48 49 58 59 60
4 49 50 59 60 61
4 52 53 62 63 64
4 53 54 63 64 65
4 54 55 64 65 66
4 55 56 65 66 67
4 56 57 66 67 68
4 57 58 67 68 69
4 58 59 68 69 70
4 59 60 69 70 71
4 13 14 22 23 24
4 14 15 23 24 25
4 15 16 24 25 26
4 16 17 25 26 27
4 17 18 26 27 28
4 18 19 27 28 29
4 19 20 28 29 30
4 20 21 29 30 31
4 23 24 32 33 34
4 24 25 33 34 35
4 25 26 34 35 36
4 26 27 35 36 37
4 27 28 36 37 38
4 28 29 37 38 39
4 29 30 38 39 40
4 30 31 39 40 41
4 33 34 42 43 44
4 34 35 43 44 45
4 35 36 44 45 46
4 36 37 45 46 47
4 37 38 46 47 48
4 38 39 47 48 49
4 39 40 48 49 50
4 40 41 49 50 51
4 43 44 52 53 54
4 44 45 53 54 55
4 45 46 54 55 56
4 46 47 55 56 57
4 47 48 56 57 58
4 48 49 57 58 59
4 49 50 58 59 60
4 50 51 59 60 61
4 53 54 62 63 64
4 54 55 63 64 65
4 55 56 64 65 66
4 56 57 65 66 67
4 57 58 66 67 68
4 58 59 67 68 69
4 59 60 68 69 70
4 60 61 69 70 71
5 12 13 14 23 33
5 13 14 15 24 34
5 14 15 16 25 35
5 15 16 17 26 36
5 16 17 18 27 37
5 17 18 19 28 38
5 18 19 20 29 39
5 19 20 21 30 40
5 22 23 24 33 43
5 23 24 25 34 44
5 24 25 26 35 45
5 25 26 27 36 46
5 26 27 28 37 47
5 27 28 29 38 48
5 28 29 30 39 49
5 29 30 31 40 50
5 32 33 34 43 53
5 33 34 35 44 54
5 34 35 36 45 55
5 35 36 37 46 56
5 36 37 38 47 57
5 37 38 39 48 58
5 38 39 40 49 59
5 39 40 41 50 60
5 42 43 44 53 63
5 43 44 45 54 64
5 44 45 46 55 65
5 45 46 47 56 66
5 46 47 48 57 67
5 47 48 49 58 68
5 48 49 50 59 69
5 49 50 51 60 70
5 14 22 23 24 34
5 15 23 24 25 35
5 16 24 25 26 36
5 17 25 26 27 37
5 18 26 27 28 38
5 19 27 28 29 39
5 20 28 29 30 40
5 21 29 30 31 41
5 24 32 33 34 44
5 25 33 34 35 45
5 26 34 35 36 46
5 27 35 36 37 47
5 28 36 37 38 48
5 29 37 38 39 49
5 30 38 39 40 50
5 31 39 40 41 51
5 34 42 43 44 54
5 35 43 44 45 55
5 36 44 45 46 56
5 37 45 46 47 57
5 38 46 47 48 58
5 39 47 48 49 59
5 40 48 49 50 60
5 41 49 50 51 61
5 44 52 53 54 64
5 45 53 54 55 65
5 46 54 55 56 66
5 47 55 56 57 67
5 48 56 57 58 68
5 49 57 58 59 69
5 50 58 59 60 70
5 51 59 60 61 71
5 12 22 23 24 32
5 13 23 24 25 33
5 14 24 25 26 34
5 15 25 26 27 35
5 16 26 27 28 36
5 17 27 28 29 37
5 18 28 29 30 38
5 19 29 30 31 39
5 22 32 33 34 42
5 23 33 34 35 43
5 24 34 35 36 44
5 25 35 36 37 45
5 26 36 37 38 46
5 27 37 38 39 47
5 28 38 39 40 48
5 29 39 40 41 49
5 32 42 43 44 52
5 33 43 44 45 53
5 34 44 45 46 54
5 35 45 46 47 55
5 36 46 47 48 56
5 37 47 48 49 57
5 38 48 49 50 58
5 39 49 50 51 59
5 42 52 53 54 62
5 43 53 54 55 63
5 44 54 55 56 64
5 45 55 56 57 65
5 46 56 57 58 66
5 47 57 58 59 67
5 48 58 59 60 68
5 49 59 60 61 69
5 13 23 32 33 34
5 14 24 33 34 35
5 15 25 34 35 36
5 16 26 35 36 37
5 17 27 36 37 38
5 18 28 37 38 39
5 19 29 38 39 40
5 20 30 39 40 41
5 23 33 42 43 44
5 24 34 43 44 45
5 25 35 44 45 46
5 26 36 45 46 47
5 27 37 46 47 48
5 28 38 47 48 49
5 29 39 48 49 50
5 30 40 49 50 51
5 33 43 52 53 54
5 34 44 53 54 55
5 35 45 54 55 56
5 36 46 55 56 57
5 37 47 56 57 58
5 38 48 57 58 59
5 39 49 58 59 60
5 40 50 59 60 61
5 43 53 62 63 64
5 44 54 63 64 65
5 45 55 64 65 66
5 46 56 65 66 67
5 47 57 66 67 68
5 48 58 67 68 69
5 49 59 68 69 70
5 50 60 69 70 71
6 12 14 22 23 24
6 13 15 23 24 25
6 14 16 24 25 26
6 15 17 25 26 27
6 16 18 26 27 28
6 17 19 27 28 29
6 18 20 28 29 30
6 19 21 29 30 31
6 22 24 32 33 34
6 23 25 33 34 35
6 24 26 34 35 36
6 25 27 35 36 37
6 26 28 36 37 38
6 27 29 37 38 39
6 28 30 38 39 40
6 29 31 39 40 41
6 32 34 42 43 44
6 33 35 43 44 45
6 34 36 44 45 46
6 35 37 45 46 47
6 36 38 46 47 48
6 37 39 47 48 49
6 38 40 48 49 50
6 39 41 49 50 51
6 42 44 52 53 54
6 43 45 53 54 55
6 44 46 54 55 56
6 45 47 55 56 57
6 46 48 56 57 58
6 47 49 57 58 59
6 48 50 58 59 60
6 49 51 59 60 61
6 52 54 62 63 64
6 53 55 63 64 65
6 54 56 64 65 66
6 55 57 65 66 67
6 56 58 66 67 68
6 57 59 67 68 69
6 58 60 68 69 70
6 59 61 69 70 71
6 12 13 22 32 33
6 13 14 23 33 34
6 14 15 24 34 35
6 15 16 25 35 36
6 16 17 26 36 37
6 17 18 27 37 38
6 18 19 28 38 39
6 19 20 29 39 40
6 20 21 30 40 41
6 22 23 32 42 43
6 23 24 33 43 44
6 24 25 34 44 45
6 25 26 35 45 46
6 26 27 36 46 47
6 27 28 37 47 48
6 28 29 38 48 49
6 29 30 39 49 50
6 30 31 40 50 51
6 32 33 42 52 53
6 33 34 43 53 54
6 34 35 44 54 55
6 35 36 45 55 56
6 36 37 46 56 57
6 37 38 47 57 58
6 38 39 48 58 59
6 39 40 49 59 60
6 40 41 50 60 61
6 42 43 52 62 63
6 43 44 53 63 64
6 44 45 54 64 65
6 45 46 55 65 66
6 46 47 56 66 67
6 47 48 57 67 68
6 48 49 58 68 69
6 49 50 59 69 70
6 50 51 60 70 71
6 12 13 23 32 33
6 13 14 24 33 34
6 14 15 25 34 35
6 15 16 26 35 36
6 16 17 27 36 37
6 17 18 28 37 38
6 18 19 29 38 39
6 19 20 30 39 40
6 20 21 31 40 41
6 22 23 33 42 43
6 23 24 34 43 44
6 24 25 35 44 45
6 25 26 36 45 46
6 26 27 37 46 47
6 27 28 38 47 48
6 28 29 39 48 49
6 29 30 40 49 50
6 30 31 41 50 51
6 32 33 43 52 53
6 33 34 44 53 54
6 34 35 45 54 55
6 35 36 46 55 56
6 36 37 47 56 57
6 37 38 48 57 58
6 38 39 49 58 59
6 39 40 50 59 60
6 40 41 51 60 61
6 42 43 53 62 63
6 43 44 54 63 64
6 44 45 55 64 65
6 45 46 56 65 66
6 46 47 57 66 67
6 47 48 58 67 68
6 48 49 59 68 69
6 49 50 60 69 70
6 50 51 61 70 71
6 12 13 14 22 24
6 13 14 15 23 25
6 14 15 16 24 26
6 15 16 17 25 27
6 16 17 18 26 28
6 17 18 19 27 29
6 18 19 20 28 30
6 19 20 21 29 31
6 22 23 24 32 34
6 23 24 25 33 35
6 24 25 26 34 36
6 25 26 27 35 37
6 26 27 28 36 38
6 27 28 29 37 39
6 28 29 30 38 40
6 29 30 31 39 41
6 32 33 34 42 44
6 33 34 35 43 45
6 34 35 36 44 46
6 35 36 37 45 47
6 36 37 38 46 48
6 37 38 39 47 49
6 38 39 40 48 50
6 39 40 41 49 51
6 42 43 44 52 54
6 43 44 45 53 55
6 44 45 46 54 56
6 45 46 47 55 57
6 46 47 48 56 58
6 47 48 49 57 59
6 48 49 50 58 60
6 49 50 51 59 61
6 52 53 54 62 64
6 53 54 55 63 65
6 54 55 56 64 66
6 55 56 57 65 67
6 56 57 58 66 68
6 57 58 59 67 69
6 58 59 60 68 70
6 59 60 61 69 71
7 12 13 14 22 32
7 13 14 15 23 33
7 14 15 16 24 34
7 15 16 17 25 35
7 16 17 18 26 36
7 17 18 19 27 37
7 18 19 20 28 38
7 19 20 21 29 39
7 22 23 24 32 42
7 23 24 25 33 43
7 24 25 26 34 44
7 25 26 27 35 45
7 26 27 28 36 46
7 27 28 29 37 47
7 28 29 30 38 48
7 29 30 31 39 49
7 32 33 34 42 52
7 33 34 35 43 53
7 34 35 36 44 54
7 35 36 37 45 55
7 36 37 38 46 56
7 37 38 39 47 57
7 38 39 40 48 58
7 39 40 41 49 59
7 42 43 44 52 62
7 43 44 45 53 63
7 44 45 46 54 64
7 45 46 47 55 65
7 46 47 48 56 66
7 47 48 49 57 67
7 48 49 50 58 68
7 49 50 51 59 69
7 12 13 14 24 34
7 13 14 15 25 35
7 14 15 16 26 36
7 15 16 17 27 37
7 16 17 18 28 38
7 17 18 19 29 39
7 18 19 20 30 40
7 19 20 21 31 41
7 22 23 24 34 44
7 23 24 25 35 45
7 24 25 26 36 46
7 25 26 27 37 47
7 26 27 28 38 48
7 27 28 29 39 49
7 28 29 30 40 50
7 29 30 31 41 51
7 32 33 34 44 54
7 33 34 35 45 55
7 34 35 36 46 56
7 35 36 37 47 57
7 36 37 38 48 58
7 37 38 39 49 59
7 38 39 40 50 60
7 39 40 41 51 61
7 42 43 44 54 64
7 43 44 45 55 65
7 44 45 46 56 66
7 45 46 47 57 67
7 46 47 48 58 68
7 47 48 49 59 69
7 48 49 50 60 70
7 49 50 51 61 71
7 14 24 32 33 34
7 15 25 33 34 35
7 16 26 34 35 36
7 17 27 35 36 37
7 18 28 36 37 38
7 19 29 37 38 39
7 20 30 38 39 40
7 21 31 39 40 41
7 24 34 42 43 44
7 25 35 43 44 45
7 26 36 44 45 46
7 27 37 45 46 47
7 28 38 46 47 48
7 29 39 47 48 49
7 30 40 48 49 50
7 31 41 49 50 51
7 34 44 52 53 54
7 35 45 53 54 55
7 36 46 54 55 56
7 37 47 55 56 57
7 38 48 56 57 58
7 39 49 57 58 59
7 40 50 58 59 60
7 41 51 59 60 61
7 44 54 62 63 64
7 45 55 63 64 65
7 46 56 64 65 66
7 47 57 65 66 67
7 48 58 66 67 68
7 49 59 67 68 69
7 50 60 68 69 70
7 51 61 69 70 71
7 12 22 32 33 34
7 13 23 33 34 35
7 14 24 34 35 36
7 15 25 35 36 37
7 16 26 36 37 38
7 17 27 37 38 39
7 18 28 38 39 40
7 19 29 39 40 41
7 22 32 42 43 44
7 23 33 43 44 45
7 24 34 44 45 46
7 25 35 45 46 47
7 26 36 46 47 48
7 27 37 47 48 49
7 28 38 48 49 50
7 29 39 49 50 51
7 32 42 52 53 54
7 33 43 53 54 55
7 34 44 54 55 56
7 35 45 55 56 57
7 36 46 56 57 58
7 37 47 57 58 59
7 38 48 58 59 60
7 39 49 59 60 61
7 42 52 62 63 64
7 43 53 63 64 65
7 44 54 64 65 66
7 45 55 65 66 67
7 46 56 66 67 68
7 47 57 67 68 69
7 48 58 68 69 70
7 49 59 69 70 71
8 12 22 23 33 34
8 13 23 24 34 35
8 14 24 25 35 36
8 15 25 26 36 37
8 16 26 27 37 38
8 17 27 28 38 39
8 18 28 29 39 40
8 19 29 30 40 41
8 22 32 33 43 44
8 23 33 34 44 45
8 24 34 35 45 46
8 25 35 36 46 47
8 26 36 37 47 48
8 27 37 38 48 49
8 28 38 39 49 50
8 29 39 40 50 51
8 32 42 43 53 54
8 33 43 44 54 55
8 34 44 45 55 56
8 35 45 46 56 57
8 36 46 47 57 58
8 37 47 48 58 59
8 38 48 49 59 60
8 39 49 50 60 61
8 42 52 53 63 64
8 43 53 54 64 65
8 44 54 55 65 66
8 45 55 56 66 67
8 46 56 57 67 68
8 47 57 58 68 69
8 48 58 59 69 70
8 49 59 60 70 71
8 14 23 24 32 33
8 15 24 25 33 34
8 16 25 26 34 35
8 17 26 27 35 36
8 18 27 28 36 37
8 19 28 29 37 38
8 20 29 30 38 39
8 21 30 31 39 40
8 24 33 34 42 43
8 25 34 35 43 44
8 26 35 36 44 45
8 27 36 37 45 46
8 28 37 38 46 47
8 29 38 39 47 48
8 30 39 40 48 49
8 31 40 41 49 50
8 34 43 44 52 53
8 35 44 45 53 54
8 36 45 46 54 55
8 37 46 47 55 56
8 38 47 48 56 57
8 39 48 49 57 58
8 40 49 50 58 59
8 41 50 51 59 60
8 44 53 54 62 63
8 45 54 55 63 64
8 46 55 56 64 65
8 47 56 57 65 66
8 48 57 58 66 67
8 49 58 59 67 68
8 50 59 60 68 69
8 51 60 61 69 70
8 13 14 22 23 32
8 14 15 23 24 33
8 15 16 24 25 34
8 16 17 25 26 35
8 17 18 26 27 36
8 18 19 27 28 37
8 19 20 28 29 38
8 20 21 29 30 39
8 23 24 32 33 42
8 24 25 33 34 43
8 25 26 34 35 44
8 26 27 35 36 45
8 27 28 36 37 46
8 28 29 37 38 47
8 29 30 38 39 48
8 30 31 39 40 49
8 33 34 42 43 52
8 34 35 43 44 53
8 35 36 44 45 54
8 36 37 45 46 55
8 37 38 46 47 56
8 38 39 47 48 57
8 39 40 48 49 58
8 40 41 49 50 59
8 43 44 52 53 62
8 44 45 53 54 63
8 45 46 54 55 64
8 46 47 55 56 65
8 47 48 56 57 66
8 48 49 57 58 67
8 49 50 58 59 68
8 50 51 59 60 69
8 12 13 23 24 34
8 13 14 24 25 35
8 14 15 25 26 36
8 15 16 26 27 37
8 16 17 27 28 38
8 17 18 28 29 39
8 18 19 29 30 40
8 19 20 30 31 41
8 22 23 33 34 44
8 23 24 34 35 45
8 24 25 35 36 46
8 25 26 36 37 47
8 26 27 37 38 48
8 27 28 38 39 49
8 28 29 39 40 50
8 29 30 40 41 51
8 32 33 43 44 54
8 33 34 44 45 55
8 34 35 45 46 56
8 35 36 46 47 57
8 36 37 47 48 58
8 37 38 48 49 59
8 38 39 49 50 60
8 39 40 50 51 61
8 42 43 53 54 64
8 43 44 54 55 65
8 44 45 55 56 66
8 45 46 56 57 67
8 46 47 57 58 68
8 47 48 58 59 69
8 48 49 59 60 70
8 49 50 60 61 71
9 13 22 23 24 33
9 14 23 24 25 34
9 15 24 25 26 35
9 16 25 26 27 36
9 17 26 27 28 37
9 18 27 28 29 38
9 19 28 29 30 39
9 20 29 30 31 40
9 23 32 33 34 43
9 24 33 34 35 44
9 25 34 35 36 45
9 26 35 36 37 46
9 27 36 37 38 47
9 28 37 38 39 48
9 29 38 39 40 49
9 30 39 40 41 50
9 33 42 43 44 53
9 34 43 44 45 54
9 35 44 45 46 55
9 36 45 46 47 56
9 37 46 47 48 57
9 38 47 48 49 58
9 39 48 49 50 59
9 40 49 50 51 60
9 43 52 53 54 63
9 44 53 54 55 64
9 45 54 55 56 65
9 46 55 56 57 66
9 47 56 57 58 67
9 48 57 58 59 68
9 49 58 59 60 69
9 50 59 60 61 70
10 13 22 23 33 43
10 14 23 24 34 44
10 15 24 25 35 45
10 16 25 26 36 46
10 17 26 27 37 47
10 18 27 28 38 48
10 19 28 29 39 49
10 20 29 30 40 50
10 21 30 31 41 51
10 23 32 33 43 53
10 24 33 34 44 54
10 25 34 35 45 55
10 26 35 36 46 56
10 27 36 37 47 57
10 28 37 38 48 58
10 29 38 39 49 59
10 30 39 40 50 60
10 31 40 41 51 61
10 33 42 43 53 63
10 34 43 44 54 64
10 35 44 45 55 65
10 36 45 46 56 66
10 37 46 47 57 67
10 38 47 48 58 68
10 39 48 49 59 69
10 40 49 50 60 70
10 41 50 51 61 71
10 12 22 23 32 42
10 13 23 24 33 43
10 14 24 25 34 44
10 15 25 26 35 45
10 16 26 27 36 46
10 17 27 28 37 47
10 18 28 29 38 48
10 19 29 30 39 49
10 20 30 31 40 50
10 22 32 33 42 52
10 23 33 34 43 53
10 24 34 35 44 54
10 25 35 36 45 55
10 26 36 37 46 56
10 27 37 38 47 57
10 28 38 39 48 58
10 29 39 40 49 59
10 30 40 41 50 60
10 32 42 43 52 62
10 33 43 44 53 63
10 34 44 45 54 64
10 35 45 46 55 65
10 36 46 47 56 66
10 37 47 48 57 67
10 38 48 49 58 68
10 39 49 50 59 69
10 40 50 51 60 70
10 14 22 23 24 25
10 15 23 24 25 26
10 16 24 25 26 27
10 17 25 26 27 28
10 18 26 27 28 29
10 19 27 28 29 30
10 20 28 29 30 31
10 24 32 33 34 35
10 25 33 34 35 36
10 26 34 35 36 37
10 27 35 36 37 38
10 28 36 37 38 39
10 29 37 38 39 40
10 30 38 39 40 41
10 34 42 43 44 45
10 35 43 44 45 46
10 36 44 45 46 47
10 37 45 46 47 48
10 38 46 47 48 49
10 39 47 48 49 50
10 40 48 49 50 51
10 44 52 53 54 55
10 45 53 54 55 56
10 46 54 55 56 57
10 47 55 56 57 58
10 48 56 57 58 59
10 49 57 58 59 60
10 50 58 59 60 61
10 54 62 63 64 65
10 55 63 64 65 66
10 56 64 65 66 67
10 57 65 66 67 68
10 58 66 67 68 69
10 59 67 68 69 70
10 60 68 69 70 71
10 13 22 23 24 25
10 14 23 24 25 26
10 15 24 25 26 27
10 16 25 26 27 28
10 17 26 27 28 29
10 18 27 28 29 30
10 19 28 29 30 31
10 23 32 33 34 35
10 24 33 34 35 36
10 25 34 35 36 37
10 26 35 36 37 38
10 27 36 37 38 39
10 28 37 38 39 40
10 29 38 39 40 41
10 33 42 43 44 45
10 34 43 44 45 46
10 35 44 45 46 47
10 36 45 46 47 48
10 37 46 47 48 49
10 38 47 48 49 50
10 39 48 49 50 51
10 43 52 53 54 55
10 44 53 54 55 56
10 45 54 55 56 57
10 46 55 56 57 58
10 47 56 57 58 59
10 48 57 58 59 60
10 49 58 59 60 61
10 53 62 63 64 65
10 54 63 64 65 66
10 55 64 65 66 67
10 56 65 66 67 68
10 57 66 67 68 69
10 58 67 68 69 70
10 59 68 69 70 71
10 12 22 32 33 42
10 13 23 33 34 43
10 14 24 34 35 44
10 15 25 35 36 45
10 16 26 36 37 46
10 17 27 37 38 47
10 18 28 38 39 48
10 19 29 39 40 49
10 20 30 40 41 50
10 22 32 42 43 52
10 23 33 43 44 53
10 24 34 44 45 54
10 25 35 45 46 55
10 26 36 46 47 56
10 27 37 47 48 57
10 28 38 48 49 58
10 29 39 49 50 59
10 30 40 50 51 60
10 32 42 52 53 62
10 33 43 53 54 63
10 34 44 54 55 64
10 35 45 55 56 65
10 36 46 56 57 66
10 37 47 57 58 67
10 38 48 58 59 68
10 39 49 59 60 69
10 40 50 60 61 70
10 13 23 32 33 43
10 14 24 33 34 44
10 15 25 34 35 45
10 16 26 35 36 46
10 17 27 36 37 47
10 18 28 37 38 48
10 19 29 38 39 49
10 20 30 39 40 50
10 21 31 40 41 51
10 23 33 42 43 53
10 24 34 43 44 54
10 25 35 44 45 55
10 26 36 45 46 56
10 27 37 46 47 57
10 28 38 47 48 58
10 29 39 48 49 59
10 30 40 49 50 60
10 31 41 50 51 61
10 33 43 52 53 63
10 34 44 53 54 64
10 35 45 54 55 65
10 36 46 55 56 66
10 37 47 56 57 67
10 38 48 57 58 68
10 39 49 58 59 69
10 40 50 59 60 70
10 41 51 60 61 71
10 12 13 14 15 23
10 13 14 15 16 24
10 14 15 16 17 25
10 15 16 17 18 26
10 16 17 18 19 27
10 17 18 19 20 28
10 18 19 20 21 29
10 22 23 24 25 33
10 23 24 25 26 34
10 24 25 26 27 35
10 25 26 27 28 36
10 26 27 28 29 37
10 27 28 29 30 38
10 28 29 30 31 39
10 32 33 34 35 43
10 33 34 35 36 44
10 34 35 36 37 45
10 35 36 37 38 46
10 36 37 38 39 47
10 37 38 39 40 48
10 38 39 40 41 49
10 42 43 44 45 53
10 43 44 45 46 54
10 44 45 46 47 55
10 45 46 47 48 56
10 46 47 48 49 57
10 47 48 49 50 58
10 48 49 50 51 59
10 52 53 54 55 63
10 53 54 55 56 64
10 54 55 56 57 65
10 55 56 57 58 66
10 56 57 58 59 67
10 57 58 59 60 68
10 58 59 60 61 69
10 12 13 14 15 24
10 13 14 15 16 25
10 14 15 16 17 26
10 15 16 17 18 27
10 16 17 18 19 28
10 17 18 19 20 29
10 18 19 20 21 30
10 22 23 24 25 34
10 23 24 25 26 35
10 24 25 26 27 36
10 25 26 27 28 37
10 26 27 28 29 38
10 27 28 29 30 39
10 28 29 30 31 40
10 32 33 34 35 44
10 33 34 35 36 45
10 34 35 36 37 46
10 35 36 37 38 47
10 36 37 38 39 48
10 37 38 39 40 49
10 38 39 40 41 50
10 42 43 44 45 54
10 43 44 45 46 55
10 44 45 46 47 56
10 45 46 47 48 57
10 46 47 48 49 58
10 47 48 49 50 59
10 48 49 50 51 60
10 52 53 54 55 64
10 53 54 55 56 65
10 54 55 56 57 66
10 55 56 57 58 67
10 56 57 58 59 68
10 57 58 59 60 69
10 58 59 60 61 70
11 12 13 23 33 34
11 13 14 24 34 35
11 14 15 25 35 36
11 15 16 26 36 37
11 16 17 27 37 38
11 17 18 28 38 39
11 18 19 29 39 40
11 19 20 30 40 41
11 22 23 33 43 44
11 23 24 34 44 45
11 24 25 35 45 46
11 25 26 36 46 47
11 26 27 37 47 48
11 27 28 38 48 49
11 28 29 39 49 50
11 29 30 40 50 51
11 32 33 43 53 54
11 33 34 44 54 55
11 34 35 45 55 56
11 35 36 46 56 57
11 36 37 47 57 58
11 37 38 48 58 59
11 38 39 49 59 60
11 39 40 50 60 61
11 42 43 53 63 64
11 43 44 54 64 65
11 44 45 55 65 66
11 45 46 56 66 67
11 46 47 57 67 68
11 47 48 58 68 69
11 48 49 59 69 70
11 49 50 60 70 71
11 13 14 23 32 33
11 14 15 24 33 34
11 15 16 25 34 35
11 16 17 26 35 36
11 17 18 27 36 37
11 18 19 28 37 38
11 19 20 29 38 39
11 20 21 30 39 40
11 23 24 33 42 43
11 24 25 34 43 44
11 25 26 35 44 45
11 26 27 36 45 46
11 27 28 37 46 47
11 28 29 38 47 48
11 29 30 39 48 49
11 30 31 40 49 50
11 33 34 43 52 53
11 34 35 44 53 54
11 35 36 45 54 55
11 36 37 46 55 56
11 37 38 47 56 57
11 38 39 48 57 58
11 39 40 49 58 59
11 40 41 50 59 60
11 43 44 53 62 63
11 44 45 54 63 64
11 45 46 55 64 65
11 46 47 56 65 66
11 47 48 57 66 67
11 48 49 58 67 68
11 49 50 59 68 69
11 50 51 60 69 70
11 14 22 23 24 32
11 15 23 24 25 33
11 16 24 25 26 34
11 17 25 26 27 35
11 18 26 27 28 36
11 19 27 28 29 37
11 20 28 29 30 38
11 21 29 30 31 39
11 24 32 33 34 42
11 25 33 34 35 43
11 26 34 35 36 44
11 27 35 36 37 45
11 28 36 37 38 46
11 29 37 38 39 47
11 30 38 39 40 48
11 31 39 40 41 49
11 34 42 43 44 52
11 35 43 44 45 53
11 36 44 45 46 54
11 37 45 46 47 55
11 38 46 47 48 56
11 39 47 48 49 57
11 40 48 49 50 58
11 41 49 50 51 59
11 44 52 53 54 62
11 45 53 54 55 63
11 46 54 55 56 64
11 47 55 56 57 65
11 48 56 57 58 66
11 49 57 58 59 67
11 50 58 59 60 68
11 51 59 60 61 69
11 12 22 23 24 34
11 13 23 24 25 35
11 14 24 25 26 36
11 15 25 26 27 37
11 16 26 27 28 38
11 17 27 28 29 39
11 18 28 29 30 40
11 19 29 30 31 41
11 22 32 33 34 44
11 23 33 34 35 45
11 24 34 35 36 46
11 25 35 36 37 47
11 26 36 37 38 48
11 27 37 38 39 49
11 28 38 39 40 50
11 29 39 40 41 51
11 32 42 43 44 54
11 33 43 44 45 55
11 34 44 45 46 56
11 35 45 46 47 57
11 36 46 47 48 58
11 37 47 48 49 59
11 38 48 49 50 60
11 39 49 50 51 61
11 42 52 53 54 64
11 43 53 54 55 65
11 44 54 55 56 66
11 45 55 56 57 67
11 46 56 57 58 68
11 47 57 58 59 69
11 48 58 59 60 70
11 49 59 60 61 71
