72 0 1846
R
O
Q
S
P
T
U
V
W
X
Y
Z
0
1
2
3
4
5
6
7
8
9
10
11
12
13
14
15
16
17
18
19
20
21
22
23
24
25
26
27
28
29
30
31
32
33
34
35
36
37
38
39
40
41
42
43
44
45
46
47
48
49
50
51
52
53
54
55
56
57
58
59
0 13 14 24 25 37
0 14 15 25 26 38
0 15 16 26 27 39
0 16 17 27 28 40
0 17 18 28 29 41
0 18 19 29 30 42
0 19 20 30 31 43
0 20 21 31 32 44
0 21 22 32 33 45
0 22 23 33 34 46
0 25 26 36 37 49
0 26 27 37 38 50
0 27 28 38 39 51
0 28 29 39 40 52
0 29 30 40 41 53
0 30 31 41 42 54
0 31 32 42 43 55
0 32 33 43 44 56
0 33 34 44 45 57
0 34 35 45 46 58
0 37 38 48 49 61
0 38 39 49 50 62
0 39 40 50 51 63
0 40 41 51 52 64
0 41 42 52 53 65
0 42 43 53 54 66
0 43 44 54 55 67
0 44 45 55 56 68
0 45 46 56 57 69
0 46 47 57 58 70
0 12 13 25 26 37
0 13 14 26 27 38
0 14 15 27 28 39
0 15 16 28 29 40
0 16 17 29 30 41
0 17 18 30 31 42
0 18 19 31 32 43
0 19 20 32 33 44
0 20 21 33 34 45
0 21 22 34 35 46
0 24 25 37 38 49
0 25 26 38 39 50
0 26 27 39 40 51
0 27 28 40 41 52
0 28 29 41 42 53
0 29 30 42 43 54
0 30 31 43 44 55
0 31 32 44 45 56
0 32 33 45 46 57
0 33 34 46 47 58
0 36 37 49 50 61
0 37 38 50 51 62
0 38 39 51 52 63
0 39 40 52 53 64
0 40 41 53 54 65
0 41 42 54 55 66
0 42 43 55 56 67
0 43 44 56 57 68
0 44 45 57 58 69
0 45 46 58 59 70
0 13 24 25 26 38
0 14 25 26 27 39
0 15 26 27 28 40
0 16 27 28 29 41
0 17 28 29 30 42
0 18 29 30 31 43
0 19 30 31 32 44
0 20 31 32 33 45
0 21 32 33 34 46
0 22 33 34 35 47
0 25 36 37 38 50
0 26 37 38 39 51
0 27 38 39 40 52
0 28 39 40 41 53
0 29 40 41 42 54
0 30 41 42 43 55
0 31 42 43 44 56
0 32 43 44 45 57
0 33 44 45 46 58
0 34 45 46 47 59
0 37 48 49 50 62
0 38 49 50 51 63
0 39 50 51 52 64
0 40 51 52 53 65
0 41 52 53 54 66
0 42 53 54 55 67
0 43 54 55 56 68
0 44 55 56 57 69
0 45 56 57 58 70
0 46 57 58 59 71
0 13 24 25 26 36
0 14 25 26 27 37
0 15 26 27 28 38
0 16 27 28 29 39
0 17 28 29 30 40
0 18 29 30 31 41
0 19 30 31 32 42
0 20 31 32 33 43
0 21 32 33 34 44
0 22 33 34 35 45
0 25 36 37 38 48
0 26 37 38 39 49
0 27 38 39 40 50
0 28 39 40 41 51
0 29 40 41 42 52
0 30 41 42 43 53
0 31 42 43 44 54
0 32 43 44 45 55
0 33 44 45 46 56
0 34 45 46 47 57
0 37 48 49 50 60
0 38 49 50 51 61
0 39 50 51 52 62
0 40 51 52 53 63
0 41 52 53 54 64
0 42 53 54 55 65
0 43 54 55 56 66
0 44 55 56 57 67
0 45 56 57 58 68
0 46 57 58 59 69
0 13 25 26 36 37
0 14 26 27 37 38
0 15 27 28 38 39
0 16 28 29 39 40
0 17 29 30 40 41
0 18 30 31 41 42
0 19 31 32 42 43
0 20 32 33 43 44
0 21 33 34 44 45
0 22 34 35 45 46
0 25 37 38 48 49
0 26 38 39 49 50
0 27 39 40 50 51
0 28 40 41 51 52
0 29 41 42 52 53
0 30 42 43 53 54
0 31 43 44 54 55
0 32 44 45 55 56
0 33 45 46 56 57
0 34 46 47 57 58
0 37 49 50 60 61
0 38 50 51 61 62
0 39 51 52 62 63
0 40 52 53 63 64
0 41 53 54 64 65
0 42 54 55 65 66
0 43 55 56 66 67
0 44 56 57 67 68
0 45 57 58 68 69
0 46 58 59 69 70
0 13 24 25 37 38
0 14 25 26 38 39
0 15 26 27 39 40
0 16 27 28 40 41
0 17 28 29 41 42
0 18 29 30 42 43
0 19 30 31 43 44
0 20 31 32 44 45
0 21 32 33 45 46
0 22 33 34 46 47
0 25 36 37 49 50
0 26 37 38 50 51
0 27 38 39 51 52
0 28 39 40 52 53
0 29 40 41 53 54
0 30 41 42 54 55
0 31 42 43 55 56
0 32 43 44 56 57
0 33 44 45 57 58
0 34 45 46 58 59
0 37 48 49 61 62
0 38 49 50 62 63
0 39 50 51 63 64
0 40 51 52 64 65
0 41 52 53 65 66
0 42 53 54 66 67
0 43 54 55 67 68
0 44 55 56 68 69
0 45 56 57 69 70
0 46 57 58 70 71
0 12 24 25 26 37
0 13 25 26 27 38
0 14 26 27 28 39
0 15 27 28 29 40
0 16 28 29 30 41
0 17 29 30 31 42
0 18 30 31 32 43
0 19 31 32 33 44
0 20 32 33 34 45
0 21 33 34 35 46
0 24 36 37 38 49
0 25 37 38 39 50
0 26 38 39 40 51
0 27 39 40 41 52
0 28 40 41 42 53
0 29 41 42 43 54
0 30 42 43 44 55
0 31 43 44 45 56
0 32 44 45 46 57
0 33 45 46 47 58
0 36 48 49 50 61
0 37 49 50 51 62
0 38 50 51 52 63
0 39 51 52 53 64
0 40 52 53 54 65
0 41 53 54 55 66
0 42 54 55 56 67
0 43 55 56 57 68
0 44 56 57 58 69
0 45 57 58 59 70
0 14 24 25 26 37
0 15 25 26 27 38
0 16 26 27 28 39
0 17 27 28 29 40
0 18 28 29 30 41
0 19 29 30 31 42
0 20 30 31 32 43
0 21 31 32 33 44
0 22 32 33 34 45
0 23 33 34 35 46
0 26 36 37 38 49
0 27 37 38 39 50
0 28 38 39 40 51
0 29 39 40 41 52
0 30 40 41 42 53
0 31 41 42 43 54
0 32 42 43 44 55
0 33 43 44 45 56
0 34 44 45 46 57
0 35 45 46 47 58
0 38 48 49 50 61
0 39 49 50 51 62
0 40 50 51 52 63
0 41 51 52 53 64
0 42 52 53 54 65
0 43 53 54 55 66
0 44 54 55 56 67
0 45 55 56 57 68
0 46 56 57 58 69
0 47 57 58 59 70
1 12 24 36 48 60
1 13 25 37 49 61
1 14 26 38 50 62
1 15 27 39 51 63
1 16 28 40 52 64
1 17 29 41 53 65
1 18 30 42 54 66
1 19 31 43 55 67
1 20 32 44 56 68
1 21 33 45 57 69
1 22 34 46 58 70
1 23 35 47 59 71
1 12 13 14 15 16
1 13 14 15 16 17
1 14 15 16 17 18
1 15 16 17 18 19
1 16 17 18 19 20
1 17 18 19 20 21
1 18 19 20 21 22
1 19 20 21 22 23
1 24 25 26 27 28
1 25 26 27 28 29
1 26 27 28 29 30
1 27 28 29 30 31
1 28 29 30 31 32
1 29 30 31 32 33
1 30 31 32 33 34
1 31 32 33 34 35
1 36 37 38 39 40
1 37 38 39 40 41
1 38 39 40 41 42
1 39 40 41 42 43
1 40 41 42 43 44
1 41 42 43 44 45
1 42 43 44 45 46
1 43 44 45 46 47
1 48 49 50 51 52
1 49 50 51 52 53
1 50 51 52 53 54
1 51 52 53 54 55
1 52 53 54 55 56
1 53 54 55 56 57
1 54 55 56 57 58
1 55 56 57 58 59
1 60 61 62 63 64
1 61 62 63 64 65
1 62 63 64 65 66
1 63 64 65 66 67
1 64 65 66 67 68
1 65 66 67 68 69
1 66 67 68 69 70
1 67 68 69 70 71
2 12 24 36 48 49
2 13 25 37 49 50
2 14 26 38 50 51
2 15 27 39 51 52
2 16 28 40 52 53
2 17 29 41 53 54
2 18 30 42 54 55
2 19 31 43 55 56
2 20 32 44 56 57
2 21 33 45 57 58
2 22 34 46 58 59
2 24 36 48 60 61
2 25 37 49 61 62
2 26 38 50 62 63
2 27 39 51 63 64
2 28 40 52 64 65
2 29 41 53 65 66
2 30 42 54 66 67
2 31 43 55 67 68
2 32 44 56 68 69
2 33 45 57 69 70
2 34 46 58 70 71
2 13 25 37 48 49
2 14 26 38 49 50
2 15 27 39 50 51
2 16 28 40 51 52
2 17 29 41 52 53
2 18 30 42 53 54
2 19 31 43 54 55
2 20 32 44 55 56
2 21 33 45 56 57
2 22 34 46 57 58
2 23 35 47 58 59
2 25 37 49 60 61
2 26 38 50 61 62
2 27 39 51 62 63
2 28 40 52 63 64
2 29 41 53 64 65
2 30 42 54 65 66
2 31 43 55 66 67
2 32 44 56 67 68
2 33 45 57 68 69
2 34 46 58 69 70
2 35 47 59 70 71
2 12 13 14 15 24
2 13 14 15 16 25
2 14 15 16 17 26
2 15 16 17 18 27
2 16 17 18 19 28
2 17 18 19 20 29
2 18 19 20 21 30
2 19 20 21 22 31
2 20 21 22 23 32
2 24 25 26 27 36
2 25 26 27 28 37
2 26 27 28 29 38
2 27 28 29 30 39
2 28 29 30 31 40
2 29 30 31 32 41
2 30 31 32 33 42
2 31 32 33 34 43
2 32 33 34 35 44
2 36 37 38 39 48
2 37 38 39 40 49
2 38 39 40 41 50
2 39 40 41 42 51
2 40 41 42 43 52
2 41 42 43 44 53
2 42 43 44 45 54
2 43 44 45 46 55
2 44 45 46 47 56
2 48 49 50 51 60
2 49 50 51 52 61
2 50 51 52 53 62
2 51 52 53 54 63
2 52 53 54 55 64
2 53 54 55 56 65
2 54 55 56 57 66
2 55 56 57 58 67
2 56 57 58 59 68
2 12 13 14 15 27
2 13 14 15 16 28
2 14 15 16 17 29
2 15 16 17 18 30
2 16 17 18 19 31
2 17 18 19 20 32
2 18 19 20 21 33
2 19 20 21 22 34
2 20 21 22 23 35
2 24 25 26 27 39
2 25 26 27 28 40
2 26 27 28 29 41
2 27 28 29 30 42
2 28 29 30 31 43
2 29 30 31 32 44
2 30 31 32 33 45
2 31 32 33 34 46
2 32 33 34 35 47
2 36 37 38 39 51
2 37 38 39 40 52
2 38 39 40 41 53
2 39 40 41 42 54
2 40 41 42 43 55
2 41 42 43 44 56
2 42 43 44 45 57
2 43 44 45 46 58
2 44 45 46 47 59
2 48 49 50 51 63
2 49 50 51 52 64
2 50 51 52 53 65
2 51 52 53 54 66
2 52 53 54 55 67
2 53 54 55 56 68
2 54 55 56 57 69
2 55 56 57 58 70
2 56 57 58 59 71
2 12 13 25 37 49
2 13 14 26 38 50
2 14 15 27 39 51
2 15 16 28 40 52
2 16 17 29 41 53
2 17 18 30 42 54
2 18 19 31 43 55
2 19 20 32 44 56
2 20 21 33 45 57
2 21 22 34 46 58
2 22 23 35 47 59
2 24 25 37 49 61
2 25 26 38 50 62
2 26 27 39 51 63
2 27 28 40 52 64
2 28 29 41 53 65
2 29 30 42 54 66
2 30 31 43 55 67
2 31 32 44 56 68
2 32 33 45 57 69
2 33 34 46 58 70
2 34 35 47 59 71
2 12 13 24 36 48
2 13 14 25 37 49
2 14 15 26 38 50
2 15 16 27 39 51
2 16 17 28 40 52
2 17 18 29 41 53
2 18 19 30 42 54
2 19 20 31 43 55
2 20 21 32 44 56
2 21 22 33 45 57
2 22 23 34 46 58
2 24 25 36 48 60
2 25 26 37 49 61
2 26 27 38 50 62
2 27 28 39 51 63
2 28 29 40 52 64
2 29 30 41 53 65
2 30 31 42 54 66
2 31 32 43 55 67
2 32 33 44 56 68
2 33 34 45 57 69
2 34 35 46 58 70
2 15 24 25 26 27
2 16 25 26 27 28
2 17 26 27 28 29
2 18 27 28 29 30
2 19 28 29 30 31
2 20 29 30 31 32
2 21 30 31 32 33
2 22 31 32 33 34
2 23 32 33 34 35
2 27 36 37 38 39
2 28 37 38 39 40
2 29 38 39 40 41
2 30 39 40 41 42
2 31 40 41 42 43
2 32 41 42 43 44
2 33 42 43 44 45
2 34 43 44 45 46
2 35 44 45 46 47
2 39 48 49 50 51
2 40 49 50 51 52
2 41 50 51 52 53
2 42 51 52 53 54
2 43 52 53 54 55
2 44 53 54 55 56
2 45 54 55 56 57
2 46 55 56 57 58
2 47 56 57 58 59
2 51 60 61 62 63
2 52 61 62 63 64
2 53 62 63 64 65
2 54 63 64 65 66
2 55 64 65 66 67
2 56 65 66 67 68
2 57 66 67 68 69
2 58 67 68 69 70
2 59 68 69 70 71
2 12 24 25 26 27
2 13 25 26 27 28
2 14 26 27 28 29
2 15 27 28 29 30
2 16 28 29 30 31
2 17 29 30 31 32
2 18 30 31 32 33
2 19 31 32 33 34
2 20 32 33 34 35
2 24 36 37 38 39
2 25 37 38 39 40
2 26 38 39 40 41
2 27 39 40 41 42
2 28 40 41 42 43
2 29 41 42 43 44
2 30 42 43 44 45
2 31 43 44 45 46
2 32 44 45 46 47
2 36 48 49 50 51
2 37 49 50 51 52
2 38 50 51 52 53
2 39 51 52 53 54
2 40 52 53 54 55
2 41 53 54 55 56
2 42 54 55 56 57
2 43 55 56 57 58
2 44 56 57 58 59
2 48 60 61 62 63
2 49 61 62 63 64
2 50 62 63 64 65
2 51 63 64 65 66
2 52 64 65 66 67
2 53 65 66 67 68
2 54 66 67 68 69
2 55 67 68 69 70
2 56 68 69 70 71
3 13 25 36 37 48
3 14 26 37 38 49
3 15 27 38 39 50
3 16 28 39 40 51
3 17 29 40 41 52
3 18 30 41 42 53
3 19 31 42 43 54
3 20 32 43 44 55
3 21 33 44 45 56
3 22 34 45 46 57
3 23 35 46 47 58
3 25 37 48 49 60
3 26 38 49 50 61
3 27 39 50 51 62
3 28 40 51 52 63
3 29 41 52 53 64
3 30 42 53 54 65
3 31 43 54 55 66
3 32 44 55 56 67
3 33 45 56 57 68
3 34 46 57 58 69
3 35 47 58 59 70
3 12 24 36 37 49
3 13 25 37 38 50
3 14 26 38 39 51
3 15 27 39 40 52
3 16 28 40 41 53
3 17 29 41 42 54
3 18 30 42 43 55
3 19 31 43 44 56
3 20 32 44 45 57
3 21 33 45 46 58
3 22 34 46 47 59
3 24 36 48 49 61
3 25 37 49 50 62
3 26 38 50 51 63
3 27 39 51 52 64
3 28 40 52 53 65
3 29 41 53 54 66
3 30 42 54 55 67
3 31 43 55 56 68
3 32 44 56 57 69
3 33 45 57 58 70
3 34 46 58 59 71
3 12 13 25 26 27
3 13 14 26 27 28
3 14 15 27 28 29
3 15 16 28 29 30
3 16 17 29 30 31
3 17 18 30 31 32
3 18 19 31 32 33
3 19 20 32 33 34
3 20 21 33 34 35
3 24 25 37 38 39
3 25 26 38 39 40
3 26 27 39 40 41
3 27 28 40 41 42
3 28 29 41 42 43
3 29 30 42 43 44
3 30 31 43 44 45
3 31 32 44 45 46
3 32 33 45 46 47
3 36 37 49 50 51
3 37 38 50 51 52
3 38 39 51 52 53
3 39 40 52 53 54
3 40 41 53 54 55
3 41 42 54 55 56
3 42 43 55 56 57
3 43 44 56 57 58
3 44 45 57 58 59
3 48 49 61 62 63
3 49 50 62 63 64
3 50 51 63 64 65
3 51 52 64 65 66
3 52 53 65 66 67
3 53 54 66 67 68
3 54 55 67 68 69
3 55 56 68 69 70
3 56 57 69 70 71
3 14 15 24 25 26
3 15 16 25 26 27
3 16 17 26 27 28
3 17 18 27 28 29
3 18 19 28 29 30
3 19 20 29 30 31
3 20 21 30 31 32
3 21 22 31 32 33
3 22 23 32 33 34
3 26 27 36 37 38
3 27 28 37 38 39
3 28 29 38 39 40
3 29 30 39 40 41
3 30 31 40 41 42
3 31 32 41 42 43
3 32 33 42 43 44
3 33 34 43 44 45
3 34 35 44 45 46
3 38 39 48 49 50
3 39 40 49 50 51
3 40 41 50 51 52
3 41 42 51 52 53
3 42 43 52 53 54
3 43 44 53 54 55
3 44 45 54 55 56
3 45 46 55 56 57
3 46 47 56 57 58
3 50 51 60 61 62
3 51 52 61 62 63
3 52 53 62 63 64
3 53 54 63 64 65
3 54 55 64 65 66
3 55 56 65 66 67
3 56 57 66 67 68
3 57 58 67 68 69
3 58 59 68 69 70
3 13 24 25 36 48
3 14 25 26 37 49
3 15 26 27 38 50
3 16 27 28 39 51
3 17 28 29 40 52
3 18 29 30 41 53
3 19 30 31 42 54
3 20 31 32 43 55
3 21 32 33 44 56
3 22 33 34 45 57
3 23 34 35 46 58
3 25 36 37 48 60
3 26 37 38 49 61
3 27 38 39 50 62
3 28 39 40 51 63
3 29 40 41 52 64
3 30 41 42 53 65
3 31 42 43 54 66
3 32 43 44 55 67
3 33 44 45 56 68
3 34 45 46 57 69
3 35 46 47 58 70
3 12 24 25 37 49
3 13 25 26 38 50
3 14 26 27 39 51
3 15 27 28 40 52
3 16 28 29 41 53
3 17 29 30 42 54
3 18 30 31 43 55
3 19 31 32 44 56
3 20 32 33 45 57
3 21 33 34 46 58
3 22 34 35 47 59
3 24 36 37 49 61
3 25 37 38 50 62
3 26 38 39 51 63
3 27 39 40 52 64
3 28 40 41 53 65
3 29 41 42 54 66
3 30 42 43 55 67
3 31 43 44 56 68
3 32 44 45 57 69
3 33 45 46 58 70
3 34 46 47 59 71
3 12 13 14 26 27
3 13 14 15 27 28
3 14 15 16 28 29
3 15 16 17 29 30
3 16 17 18 30 31
3 17 18 19 31 32
3 18 19 20 32 33
3 19 20 21 33 34
3 20 21 22 34 35
3 24 25 26 38 39
3 25 26 27 39 40
3 26 27 28 40 41
3 27 28 29 41 42
3 28 29 30 42 43
3 29 30 31 43 44
3 30 31 32 44 45
3 31 32 33 45 46
3 32 33 34 46 47
3 36 37 38 50 51
3 37 38 39 51 52
3 38 39 40 52 53
3 39 40 41 53 54
3 40 41 42 54 55
3 41 42 43 55 56
3 42 43 44 56 57
3 43 44 45 57 58
3 44 45 46 58 59
3 48 49 50 62 63
3 49 50 51 63 64
3 50 51 52 64 65
3 51 52 53 65 66
3 52 53 54 66 67
3 53 54 55 67 68
3 54 55 56 68 69
3 55 56 57 69 70
3 56 57 58 70 71
3 13 14 15 24 25
3 14 15 16 25 26
3 15 16 17 26 27
3 16 17 18 27 28
3 17 18 19 28 29
3 18 19 20 29 30
3 19 20 21 30 31
3 20 21 22 31 32
3 21 22 23 32 33
3 25 26 27 36 37
3 26 27 28 37 38
3 27 28 29 38 39
3 28 29 30 39 40
3 29 30 31 40 41
3 30 31 32 41 42
3 31 32 33 42 43
3 32 33 34 43 44
3 33 34 35 44 45
3 37 38 39 48 49
3 38 39 40 49 50
3 39 40 41 50 51
3 40 41 42 51 52
3 41 42 43 52 53
3 42 43 44 53 54
3 43 44 45 54 55
3 44 45 46 55 56
3 45 46 47 56 57
3 49 50 51 60 61
3 50 51 52 61 62
3 51 52 53 62 63
3 52 53 54 63 64
3 53 54 55 64 65
3 54 55 56 65 66
3 55 56 57 66 67
3 56 57 58 67 68
3 57 58 59 68 69
4 12 13 24 25 36
4 13 14 25 26 37
4 14 15 26 27 38
4 15 16 27 28 39
4 16 17 28 29 40
4 17 18 29 30 41
4 18 19 30 31 42
4 19 20 31 32 43
4 20 21 32 33 44
4 21 22 33 34 45
4 22 23 34 35 46
4 24 25 36 37 48
4 25 26 37 38 49
4 26 27 38 39 50
4 27 28 39 40 51
4 28 29 40 41 52
4 29 30 41 42 53
4 30 31 42 43 54
4 31 32 43 44 55
4 32 33 44 45 56
4 33 34 45 46 57
4 34 35 46 47 58
4 36 37 48 49 60
4 37 38 49 50 61
4 38 39 50 51 62
4 39 40 51 52 63
4 40 41 52 53 64
4 41 42 53 54 65
4 42 43 54 55 66
4 43 44 55 56 67
4 44 45 56 57 68
4 45 46 57 58 69
4 46 47 58 59 70
4 12 13 24 25 37
4 13 14 25 26 38
4 14 15 26 27 39
4 15 16 27 28 40
4 16 17 28 29 41
4 17 18 29 30 42
4 18 19 30 31 43
4 19 20 31 32 44
4 20 21 32 33 45
4 21 22 33 34 46
4 22 23 34 35 47
4 24 25 36 37 49
4 25 26 37 38 50
4 26 27 38 39 51
4 27 28 39 40 52
4 28 29 40 41 53
4 29 30 41 42 54
4 30 31 42 43 55
4 31 32 43 44 56
4 32 33 44 45 57
4 33 34 45 46 58
4 34 35 46 47 59
4 36 37 48 49 61
4 37 38 49 50 62
4 38 39 50 51 63
4 39 40 51 52 64
4 40 41 52 53 65
4 41 42 53 54 66
4 42 43 54 55 67
4 43 44 55 56 68
4 44 45 56 57 69
4 45 46 57 58 70
4 46 47 58 59 71
4 12 13 14 25 26
4 13 14 15 26 27
4 14 15 16 27 28
4 15 16 17 28 29
4 16 17 18 29 30
4 17 18 19 30 31
4 18 19 20 31 32
4 19 20 21 32 33
4 20 21 22 33 34
4 21 22 23 34 35
4 24 25 26 37 38
4 25 26 27 38 39
4 26 27 28 39 40
4 27 28 29 40 41
4 28 29 30 41 42
4 29 30 31 42 43
4 30 31 32 43 44
4 31 32 33 44 45
4 32 33 34 45 46
4 33 34 35 46 47
4 36 37 38 49 50
4 37 38 39 50 51
4 38 39 40 51 52
4 39 40 41 52 53
4 40 41 42 53 54
4 41 42 43 54 55
4 42 43 44 55 56
4 43 44 45 56 57
4 44 45 46 57 58
4 45 46 47 58 59
4 48 49 50 61 62
4 49 50 51 62 63
4 50 51 52 63 64
4 51 52 53 64 65
4 52 53 54 65 66
4 53 54 55 66 67
4 54 55 56 67 68
4 55 56 57 68 69
4 56 57 58 69 70
4 57 58 59 70 71
4 12 13 14 24 25
4 13 14 15 25 26
4 14 15 16 26 27
4 15 16 17 27 28
4 16 17 18 28 29
4 17 18 19 29 30
4 18 19 20 30 31
4 19 20 21 31 32
4 20 21 22 32 33
4 21 22 23 33 34
4 24 25 26 36 37
4 25 26 27 37 38
4 26 27 28 38 39
4 27 28 29 39 40
4 28 29 30 40 41
4 29 30 31 41 42
4 30 31 32 42 43
4 31 32 33 43 44
4 32 33 34 44 45
4 33 34 35 45 46
4 36 37 38 48 49
4 37 38 39 49 50
4 38 39 40 50 51
4 39 40 41 51 52
4 40 41 42 52 53
4 41 42 43 53 54
4 42 43 44 54 55
4 43 44 45 55 56
4 44 45 46 56 57
4 45 46 47 57 58
4 48 49 50 60 61
4 49 50 51 61 62
4 50 51 52 62 63
4 51 52 53 63 64
4 52 53 54 64 65
4 53 54 55 65 66
4 54 55 56 66 67
4 55 56 57 67 68
4 56 57 58 68 69
4 57 58 59 69 70
4 13 24 25 36 37
4 14 25 26 37 38
4 15 26 27 38 39
4 16 27 28 39 40
4 17 28 29 40 41
4 18 29 30 41 42
4 19 30 31 42 43
4 20 31 32 43 44
4 21 32 33 44 45
4 22 33 34 45 46
4 23 34 35 46 47
4 25 36 37 48 49
4 26 37 38 49 50
4 27 38 39 50 51
4 28 39 40 51 52
4 29 40 41 52 53
4 30 41 42 53 54
4 31 42 43 54 55
4 32 43 44 55 56
4 33 44 45 56 57
4 34 45 46 57 58
4 35 46 47 58 59
4 37 48 49 60 61
4 38 49 50 61 62
4 39 50 51 62 63
4 40 51 52 63 64
4 41 52 53 64 65
4 42 53 54 65 66
4 43 54 55 66 67
4 44 55 56 67 68
4 45 56 57 68 69
4 46 57 58 69 70
4 47 58 59 70 71
4 12 24 25 36 37
4 13 25 26 37 38
4 14 26 27 38 39
4 15 27 28 39 40
4 16 28 29 40 41
4 17 29 30 41 42
4 18 30 31 42 43
4 19 31 32 43 44
4 20 32 33 44 45
4 21 33 34 45 46
4 22 34 35 46 47
4 24 36 37 48 49
4 25 37 38 49 50
4 26 38 39 50 51
4 27 39 40 51 52
4 28 40 41 52 53
4 29 41 42 53 54
4 30 42 43 54 55
4 31 43 44 55 56
4 32 44 45 56 57
4 33 45 46 57 58
4 34 46 47 58 59
4 36 48 49 60 61
4 37 49 50 61 62
4 38 50 51 62 63
4 39 51 52 63 64
4 40 52 53 64 65
4 41 53 54 65 66
4 42 54 55 66 67
4 43 55 56 67 68
4 44 56 57 68 69
4 45 57 58 69 70
4 46 58 59 70 71
4 12 13 24 25 26
4 13 14 25 26 27
4 14 15 26 27 28
4 15 16 27 28 29
4 16 17 28 29 30
4 17 18 29 30 31
4 18 19 30 31 32
4 19 20 31 32 33
4 20 21 32 33 34
4 21 22 33 34 35
4 24 25 36 37 38
4 25 26 37 38 39
4 26 27 38 39 40
4 27 28 39 40 41
4 28 29 40 41 42
4 29 30 41 42 43
4 30 31 42 43 44
4 31 32 43 44 45
4 32 33 44 45 46
4 33 34 45 46 47
4 36 37 48 49 50
4 37 38 49 50 51
4 38 39 50 51 52
4 39 40 51 52 53
4 40 41 52 53 54
4 41 42 53 54 55
4 42 43 54 55 56
4 43 44 55 56 57
4 44 45 56 57 58
4 45 46 57 58 59
4 48 49 60 61 62
4 49 50 61 62 63
4 50 51 62 63 64
4 51 52 63 64 65
4 52 53 64 65 66
4 53 54 65 66 67
4 54 55 66 67 68
4 55 56 67 68 69
4 56 57 68 69 70
4 57 58 69 70 71
4 13 14 24 25 26
4 14 15 25 26 27
4 15 16 26 27 28
4 16 17 27 28 29
4 17 18 28 29 30
4 18 19 29 30 31
4 19 20 30 31 32
4 20 21 31 32 33
4 21 22 32 33 34
4 22 23 33 34 35
4 25 26 36 37 38
4 26 27 37 38 39
4 27 28 38 39 40
4 28 29 39 40 41
4 29 30 40 41 42
4 30 31 41 42 43
4 31 32 42 43 44
4 32 33 43 44 45
4 33 34 44 45 46
4 34 35 45 46 47
4 37 38 48 49 50
4 38 39 49 50 51
4 39 40 50 51 52
4 40 41 51 52 53
4 41 42 52 53 54
4 42 43 53 54 55
4 43 44 54 55 56
4 44 45 55 56 57
4 45 46 56 57 58
4 46 47 57 58 59
4 49 50 60 61 62
4 50 51 61 62 63
4 51 52 62 63 64
4 52 53 63 64 65
4 53 54 64 65 66
4 54 55 65 66 67
4 55 56 66 67 68
4 56 57 67 68 69
4 57 58 68 69 70
4 58 59 69 70 71
5 12 13 14 25 37
5 13 14 15 26 38
5 14 15 16 27 39
5 15 16 17 28 40
5 16 17 18 29 41
5 17 18 19 30 42
5 18 19 20 31 43
5 19 20 21 32 44
5 20 21 22 33 45
5 21 22 23 34 46
5 24 25 26 37 49
5 25 26 27 38 50
5 26 27 28 39 51
5 27 28 29 40 52
5 28 29 30 41 53
5 29 30 31 42 54
5 30 31 32 43 55
5 31 32 33 44 56
5 32 33 34 45 57
5 33 34 35 46 58
5 36 37 38 49 61
5 37 38 39 50 62
5 38 39 40 51 63
5 39 40 41 52 64
5 40 41 42 53 65
5 41 42 43 54 66
5 42 43 44 55 67
5 43 44 45 56 68
5 44 45 46 57 69
5 45 46 47 58 70
5 14 24 25 26 38
5 15 25 26 27 39
5 16 26 27 28 40
5 17 27 28 29 41
5 18 28 29 30 42
5 19 29 30 31 43
5 20 30 31 32 44
5 21 31 32 33 45
5 22 32 33 34 46
5 23 33 34 35 47
5 26 36 37 38 50
5 27 37 38 39 51
5 28 38 39 40 52
5 29 39 40 41 53
5 30 40 41 42 54
5 31 41 42 43 55
5 32 42 43 44 56
5 33 43 44 45 57
5 34 44 45 46 58
5 35 45 46 47 59
5 38 48 49 50 62
5 39 49 50 51 63
5 40 50 51 52 64
5 41 51 52 53 65
5 42 52 53 54 66
5 43 53 54 55 67
5 44 54 55 56 68
5 45 55 56 57 69
5 46 56 57 58 70
5 47 57 58 59 71
5 12 24 25 26 36
5 13 25 26 27 37
5 14 26 27 28 38
5 15 27 28 29 39
5 16 28 29 30 40
5 17 29 30 31 41
5 18 30 31 32 42
5 19 31 32 33 43
5 20 32 33 34 44
5 21 33 34 35 45
5 24 36 37 38 48
5 25 37 38 39 49
5 26 38 39 40 50
5 27 39 40 41 51
5 28 40 41 42 52
5 29 41 42 43 53
5 30 42 43 44 54
5 31 43 44 45 55
5 32 44 45 46 56
5 33 45 46 47 57
5 36 48 49 50 60
5 37 49 50 51 61
5 38 50 51 52 62
5 39 51 52 53 63
5 40 52 53 54 64
5 41 53 54 55 65
5 42 54 55 56 66
5 43 55 56 57 67
5 44 56 57 58 68
5 45 57 58 59 69
5 13 25 36 37 38
5 14 26 37 38 39
5 15 27 38 39 40
5 16 28 39 40 41
5 17 29 40 41 42
5 18 30 41 42 43
5 19 31 42 43 44
5 20 32 43 44 45
5 21 33 44 45 46
5 22 34 45 46 47
5 25 37 48 49 50
5 26 38 49 50 51
5 27 39 50 51 52
5 28 40 51 52 53
5 29 41 52 53 54
5 30 42 53 54 55
5 31 43 54 55 56
5 32 44 55 56 57
5 33 45 56 57 58
5 34 46 57 58 59
5 37 49 60 61 62
5 38 50 61 62 63
5 39 51 62 63 64
5 40 52 63 64 65
5 41 53 64 65 66
5 42 54 65 66 67
5 43 55 66 67 68
5 44 56 67 68 69
5 45 57 68 69 70
5 46 58 69 70 71
6 12 14 24 25 26
6 13 15 25 26 27
6 14 16 26 27 28
6 15 17 27 28 29
6 16 18 28 29 30
6 17 19 29 30 31
6 18 20 30 31 32
6 19 21 31 32 33
6 20 22 32 33 34
6 21 23 33 34 35
6 24 26 36 37 38
6 25 27 37 38 39
6 26 28 38 39 40
6 27 29 39 40 41
6 28 30 40 41 42
6 29 31 41 42 43
6 30 32 42 43 44
6 31 33 43 44 45
6 32 34 44 45 46
6 33 35 45 46 47
6 36 38 48 49 50
6 37 39 49 50 51
6 38 40 50 51 52
6 39 41 51 52 53
6 40 42 52 53 54
6 41 43 53 54 55
6 42 44 54 55 56
6 43 45 55 56 57
6 44 46 56 57 58
6 45 47 57 58 59
6 48 50 60 61 62
6 49 51 61 62 63
6 50 52 62 63 64
6 51 53 63 64 65
6 52 54 64 65 66
6 53 55 65 66 67
6 54 56 66 67 68
6 55 57 67 68 69
6 56 58 68 69 70
6 57 59 69 70 71
6 12 13 24 36 37
6 13 14 25 37 38
6 14 15 26 38 39
6 15 16 27 39 40
6 16 17 28 40 41
6 17 18 29 41 42
6 18 19 30 42 43
6 19 20 31 43 44
6 20 21 32 44 45
6 21 22 33 45 46
6 22 23 34 46 47
6 24 25 36 48 49
6 25 26 37 49 50
6 26 27 38 50 51
6 27 28 39 51 52
6 28 29 40 52 53
6 29 30 41 53 54
6 30 31 42 54 55
6 31 32 43 55 56
6 32 33 44 56 57
6 33 34 45 57 58
6 34 35 46 58 59
6 36 37 48 60 61
6 37 38 49 61 62
6 38 39 50 62 63
6 39 40 51 63 64
6 40 41 52 64 65
6 41 42 53 65 66
6 42 43 54 66 67
6 43 44 55 67 68
6 44 45 56 68 69
6 45 46 57 69 70
6 46 47 58 70 71
6 12 13 25 36 37
6 13 14 26 37 38
6 14 15 27 38 39
6 15 16 28 39 40
6 16 17 29 40 41
6 17 18 30 41 42
6 18 19 31 42 43
6 19 20 32 43 44
6 20 21 33 44 45
6 21 22 34 45 46
6 22 23 35 46 47
6 24 25 37 48 49
6 25 26 38 49 50
6 26 27 39 50 51
6 27 28 40 51 52
6 28 29 41 52 53
6 29 30 42 53 54
6 30 31 43 54 55
6 31 32 44 55 56
6 32 33 45 56 57
6 33 34 46 57 58
6 34 35 47 58 59
6 36 37 49 60 61
6 37 38 50 61 62
6 38 39 51 62 63
6 39 40 52 63 64
6 40 41 53 64 65
6 41 42 54 65 66
6 42 43 55 66 67
6 43 44 56 67 68
6 44 45 57 68 69
6 45 46 58 69 70
6 46 47 59 70 71
6 12 13 14 24 26
6 13 14 15 25 27
6 14 15 16 26 28
6 15 16 17 27 29
6 16 17 18 28 30
6 17 18 19 29 31
6 18 19 20 30 32
6 19 20 21 31 33
6 20 21 22 32 34
6 21 22 23 33 35
6 24 25 26 36 38
6 25 26 27 37 39
6 26 27 28 38 40
6 27 28 29 39 41
6 28 29 30 40 42
6 29 30 31 41 43
6 30 31 32 42 44
6 31 32 33 43 45
6 32 33 34 44 46
6 33 34 35 45 47
6 36 37 38 48 50
6 37 38 39 49 51
6 38 39 40 50 52
6 39 40 41 51 53
6 40 41 42 52 54
6 41 42 43 53 55
6 42 43 44 54 56
6 43 44 45 55 57
6 44 45 46 56 58
6 45 46 47 57 59
6 48 49 50 60 62
6 49 50 51 61 63
6 50 51 52 62 64
6 51 52 53 63 65
6 52 53 54 64 66
6 53 54 55 65 67
6 54 55 56 66 68
6 55 56 57 67 69
6 56 57 58 68 70
6 57 58 59 69 71
7 12 13 14 24 36
7 13 14 15 25 37
7 14 15 16 26 38
7 15 16 17 27 39
7 16 17 18 28 40
7 17 18 19 29 41
7 18 19 20 30 42
7 19 20 21 31 43
7 20 21 22 32 44
7 21 22 23 33 45
7 24 25 26 36 48
7 25 26 27 37 49
7 26 27 28 38 50
7 27 28 29 39 51
7 28 29 30 40 52
7 29 30 31 41 53
7 30 31 32 42 54
7 31 32 33 43 55
7 32 33 34 44 56
7 33 34 35 45 57
7 36 37 38 48 60
7 37 38 39 49 61
7 38 39 40 50 62
7 39 40 41 51 63
7 40 41 42 52 64
7 41 42 43 53 65
7 42 43 44 54 66
7 43 44 45 55 67
7 44 45 46 56 68
7 45 46 47 57 69
8 12 24 25 37 38
8 13 25 26 38 39
8 14 26 27 39 40
8 15 27 28 40 41
8 16 28 29 41 42
8 17 29 30 42 43
8 18 30 31 43 44
8 19 31 32 44 45
8 20 32 33 45 46
8 21 33 34 46 47
8 24 36 37 49 50
8 25 37 38 50 51
8 26 38 39 51 52
8 27 39 40 52 53
8 28 40 41 53 54
8 29 41 42 54 55
8 30 42 43 55 56
8 31 43 44 56 57
8 32 44 45 57 58
8 33 45 46 58 59
8 36 48 49 61 62
8 37 49 50 62 63
8 38 50 51 63 64
8 39 51 52 64 65
8 40 52 53 65 66
8 41 53 54 66 67
8 42 54 55 67 68
8 43 55 56 68 69
8 44 56 57 69 70
8 45 57 58 70 71
8 14 25 26 36 37
8 15 26 27 37 38
8 16 27 28 38 39
8 17 28 29 39 40
8 18 29 30 40 41
8 19 30 31 41 42
8 20 31 32 42 43
8 21 32 33 43 44
8 22 33 34 44 45
8 23 34 35 45 46
8 26 37 38 48 49
8 27 38 39 49 50
8 28 39 40 50 51
8 29 40 41 51 52
8 30 41 42 52 53
8 31 42 43 53 54
8 32 43 44 54 55
8 33 44 45 55 56
8 34 45 46 56 57
8 35 46 47 57 58
8 38 49 50 60 61
8 39 50 51 61 62
8 40 51 52 62 63
8 41 52 53 63 64
8 42 53 54 64 65
8 43 54 55 65 66
8 44 55 56 66 67
8 45 56 57 67 68
8 46 57 58 68 69
8 47 58 59 69 70
8 13 14 24 25 36
8 14 15 25 26 37
8 15 16 26 27 38
8 16 17 27 28 39
8 17 18 28 29 40
8 18 19 29 30 41
8 19 20 30 31 42
8 20 21 31 32 43
8 21 22 32 33 44
8 22 23 33 34 45
8 25 26 36 37 48
8 26 27 37 38 49
8 27 28 38 39 50
8 28 29 39 40 51
8 29 30 40 41 52
8 30 31 41 42 53
8 31 32 42 43 54
8 32 33 43 44 55
8 33 34 44 45 56
8 34 35 45 46 57
8 37 38 48 49 60
8 38 39 49 50 61
8 39 40 50 51 62
8 40 41 51 52 63
8 41 42 52 53 64
8 42 43 53 54 65
8 43 44 54 55 66
8 44 45 55 56 67
8 45 46 56 57 68
8 46 47 57 58 69
8 12 13 25 26 38
8 13 14 26 27 39
8 14 15 27 28 40
8 15 16 28 29 41
8 16 17 29 30 42
8 17 18 30 31 43
8 18 19 31 32 44
8 19 20 32 33 45
8 20 21 33 34 46
8 21 22 34 35 47
8 24 25 37 38 50
8 25 26 38 39 51
8 26 27 39 40 52
8 27 28 40 41 53
8 28 29 41 42 54
8 29 30 42 43 55
8 30 31 43 44 56
8 31 32 44 45 57
8 32 33 45 46 58
8 33 34 46 47 59
8 36 37 49 50 62
8 37 38 50 51 63
8 38 39 51 52 64
8 39 40 52 53 65
8 40 41 53 54 66
8 41 42 54 55 67
8 42 43 55 56 68
8 43 44 56 57 69
8 44 45 57 58 70
8 45 46 58 59 71
9 13 24 25 26 37
9 14 25 26 27 38
9 15 26 27 28 39
9 16 27 28 29 40
9 17 28 29 30 41
9 18 29 30 31 42
9 19 30 31 32 43
9 20 31 32 33 44
9 21 32 33 34 45
9 22 33 34 35 46
9 25 36 37 38 49
9 26 37 38 39 50
9 27 38 39 40 51
9 28 39 40 41 52
9 29 40 41 42 53
9 30 41 42 43 54
9 31 42 43 44 55
9 32 43 44 45 56
9 33 44 45 46 57
9 34 45 46 47 58
9 37 48 49 50 61
9 38 49 50 51 62
9 39 50 51 52 63
9 40 51 52 53 64
9 41 52 53 54 65
9 42 53 54 55 66
9 43 54 55 56 67
9 44 55 56 57 68
9 45 56 57 58 69
9 46 57 58 59 70
10 13 24 25 37 49
10 14 25 26 38 50
10 15 26 27 39 51
10 16 27 28 40 52
10 17 28 29 41 53
10 18 29 30 42 54
10 19 30 31 43 55
10 20 31 32 44 56
10 21 32 33 45 57
10 22 33 34 46 58
10 23 34 35 47 59
10 25 36 37 49 61
10 26 37 38 50 62
10 27 38 39 51 63
10 28 39 40 52 64
10 29 40 41 53 65
10 30 41 42 54 66
10 31 42 43 55 67
10 32 43 44 56 68
10 33 44 45 57 69
10 34 45 46 58 70
10 35 46 47 59 71
10 12 24 25 36 48
10 13 25 26 37 49
10 14 26 27 38 50
10 15 27 28 39 51
10 16 28 29 40 52
10 17 29 30 41 53
10 18 30 31 42 54
10 19 31 32 43 55
10 20 32 33 44 56
10 21 33 34 45 57
10 22 34 35 46 58
10 24 36 37 48 60
10 25 37 38 49 61
10 26 38 39 50 62
10 27 39 40 51 63
10 28 40 41 52 64
10 29 41 42 53 65
10 30 42 43 54 66
10 31 43 44 55 67
10 32 44 45 56 68
10 33 45 46 57 69
10 34 46 47 58 70
10 14 24 25 26 27
10 15 25 26 27 28
10 16 26 27 28 29
10 17 27 28 29 30
10 18 28 29 30 31
10 19 29 30 31 32
10 20 30 31 32 33
10 21 31 32 33 34
10 22 32 33 34 35
10 26 36 37 38 39
10 27 37 38 39 40
10 28 38 39 40 41
10 29 39 40 41 42
10 30 40 41 42 43
10 31 41 42 43 44
10 32 42 43 44 45
10 33 43 44 45 46
10 34 44 45 46 47
10 38 48 49 50 51
10 39 49 50 51 52
10 40 50 51 52 53
10 41 51 52 53 54
10 42 52 53 54 55
10 43 53 54 55 56
10 44 54 55 56 57
10 45 55 56 57 58
10 46 56 57 58 59
10 50 60 61 62 63
10 51 61 62 63 64
10 52 62 63 64 65
10 53 63 64 65 66
10 54 64 65 66 67
10 55 65 66 67 68
10 56 66 67 68 69
10 57 67 68 69 70
10 58 68 69 70 71
10 13 24 25 26 27
10 14 25 26 27 28
10 15 26 27 28 29
10 16 27 28 29 30
10 17 28 29 30 31
10 18 29 30 31 32
10 19 30 31 32 33
10 20 31 32 33 34
10 21 32 33 34 35
10 25 36 37 38 39
10 26 37 38 39 40
10 27 38 39 40 41
10 28 39 40 41 42
10 29 40 41 42 43
10 30 41 42 43 44
10 31 42 43 44 45
10 32 43 44 45 46
10 33 44 45 46 47
10 37 48 49 50 51
10 38 49 50 51 52
10 39 50 51 52 53
10 40 51 52 53 54
10 41 52 53 54 55
10 42 53 54 55 56
10 43 54 55 56 57
10 44 55 56 57 58
10 45 56 57 58 59
10 49 60 61 62 63
10 50 61 62 63 64
10 51 62 63 64 65
10 52 63 64 65 66
10 53 64 65 66 67
10 54 65 66 67 68
10 55 66 67 68 69
10 56 67 68 69 70
10 57 68 69 70 71
10 12 24 36 37 48
10 13 25 37 38 49
10 14 26 38 39 50
10 15 27 39 40 51
10 16 28 40 41 52
10 17 29 41 42 53
10 18 30 42 43 54
10 19 31 43 44 55
10 20 32 44 45 56
10 21 33 45 46 57
10 22 34 46 47 58
10 24 36 48 49 60
10 25 37 49 50 61
10 26 38 50 51 62
10 27 39 51 52 63
10 28 40 52 53 64
10 29 41 53 54 65
10 30 42 54 55 66
10 31 43 55 56 67
10 32 44 56 57 68
10 33 45 57 58 69
10 34 46 58 59 70
10 13 25 36 37 49
10 14 26 37 38 50
10 15 27 38 39 51
10 16 28 39 40 52
10 17 29 40 41 53
10 18 30 41 42 54
10 19 31 42 43 55
10 20 32 43 44 56
10 21 33 44 45 57
10 22 34 45 46 58
10 23 35 46 47 59
10 25 37 48 49 61
10 26 38 49 50 62
10 27 39 50 51 63
10 28 40 51 52 64
10 29 41 52 53 65
10 30 42 53 54 66
10 31 43 54 55 67
10 32 44 55 56 68
10 33 45 56 57 69
10 34 46 57 58 70
10 35 47 58 59 71
10 12 13 14 15 25
10 13 14 15 16 26
10 14 15 16 17 27
10 15 16 17 18 28
10 16 17 18 19 29
10 17 18 19 20 30
10 18 19 20 21 31
10 19 20 21 22 32
10 20 21 22 23 33
10 24 25 26 27 37
10 25 26 27 28 38
10 26 27 28 29 39
10 27 28 29 30 40
10 28 29 30 31 41
10 29 30 31 32 42
10 30 31 32 33 43
10 31 32 33 34 44
10 32 33 34 35 45
10 36 37 38 39 49
10 37 38 39 40 50
10 38 39 40 41 51
10 39 40 41 42 52
10 40 41 42 43 53
10 41 42 43 44 54
10 42 43 44 45 55
10 43 44 45 46 56
10 44 45 46 47 57
10 48 49 50 51 61
10 49 50 51 52 62
10 50 51 52 53 63
10 51 52 53 54 64
10 52 53 54 55 65
10 53 54 55 56 66
10 54 55 56 57 67
10 55 56 57 58 68
10 56 57 58 59 69
10 12 13 14 15 26
10 13 14 15 16 27
10 14 15 16 17 28
10 15 16 17 18 29
10 16 17 18 19 30
10 17 18 19 20 31
10 18 19 20 21 32
10 19 20 21 22 33
10 20 21 22 23 34
10 24 25 26 27 38
10 25 26 27 28 39
10 26 27 28 29 40
10 27 28 29 30 41
10 28 29 30 31 42
10 29 30 31 32 43
10 30 31 32 33 44
10 31 32 33 34 45
10 32 33 34 35 46
10 36 37 38 39 50
10 37 38 39 40 51
10 38 39 40 41 52
10 39 40 41 42 53
10 40 41 42 43 54
10 41 42 43 44 55
10 42 43 44 45 56
10 43 44 45 46 57
10 44 45 46 47 58
10 48 49 50 51 62
10 49 50 51 52 63
10 50 51 52 53 64
10 51 52 53 54 65
10 52 53 54 55 66
10 53 54 55 56 67
10 54 55 56 57 68
10 55 56 57 58 69
10 56 57 58 59 70
11 12 13 25 37 38
11 13 14 26 38 39
11 14 15 27 39 40
11 15 16 28 40 41
11 16 17 29 41 42
11 17 18 30 42 43
11 18 19 31 43 44
11 19 20 32 44 45
11 20 21 33 45 46
11 21 22 34 46 47
11 24 25 37 49 50
11 25 26 38 50 51
11 26 27 39 51 52
11 27 28 40 52 53
11 28 29 41 53 54
11 29 30 42 54 55
11 30 31 43 55 56
11 31 32 44 56 57
11 32 33 45 57 58
11 33 34 46 58 59
11 36 37 49 61 62
11 37 38 50 62 63
11 38 39 51 63 64
11 39 40 52 64 65
11 40 41 53 65 66
11 41 42 54 66 67
11 42 43 55 67 68
11 43 44 56 68 69
11 44 45 57 69 70
11 45 46 58 70 71
11 13 14 25 36 37
11 14 15 26 37 38
11 15 16 27 38 39
11 16 17 28 39 40
11 17 18 29 40 41
11 18 19 30 41 42
11 19 20 31 42 43
11 20 21 32 43 44
11 21 22 33 44 45
11 22 23 34 45 46
11 25 26 37 48 49
11 26 27 38 49 50
11 27 28 39 50 51
11 28 29 40 51 52
11 29 30 41 52 53
11 30 31 42 53 54
11 31 32 43 54 55
11 32 33 44 55 56
11 33 34 45 56 57
11 34 35 46 57 58
11 37 38 49 60 61
11 38 39 50 61 62
11 39 40 51 62 63
11 40 41 52 63 64
11 41 42 53 64 65
11 42 43 54 65 66
11 43 44 55 66 67
11 44 45 56 67 68
11 45 46 57 68 69
11 46 47 58 69 70
11 14 24 25 26 36
11 15 25 26 27 37
11 16 26 27 28 38
11 17 27 28 29 39
11 18 28 29 30 40
11 19 29 30 31 41
11 20 30 31 32 42
11 21 31 32 33 43
11 22 32 33 34 44
11 23 33 34 35 45
11 26 36 37 38 48
11 27 37 38 39 49
11 28 38 39 40 50
11 29 39 40 41 51
11 30 40 41 42 52
11 31 41 42 43 53
11 32 42 43 44 54
11 33 43 44 45 55
11 34 44 45 46 56
11 35 45 46 47 57
11 38 48 49 50 60
11 39 49 50 51 61
11 40 50 51 52 62
11 41 51 52 53 63
11 42 52 53 54 64
11 43 53 54 55 65
11 44 54 55 56 66
11 45 55 56 57 67
11 46 56 57 58 68
11 47 57 58 59 69
11 12 24 25 26 38
11 13 25 26 27 39
11 14 26 27 28 40
11 15 27 28 29 41
11 16 28 29 30 42
11 17 29 30 31 43
11 18 30 31 32 44
11 19 31 32 33 45
11 20 32 33 34 46
11 21 33 34 35 47
11 24 36 37 38 50
11 25 37 38 39 51
11 26 38 39 40 52
11 27 39 40 41 53
11 28 40 41 42 54
11 29 41 42 43 55
11 30 42 43 44 56
11 31 43 44 45 57
11 32 44 45 46 58
11 33 45 46 47 59
11 36 48 49 50 62
11 37 49 50 51 63
11 38 50 51 52 64
11 39 51 52 53 65
11 40 52 53 54 66
11 41 53 54 55 67
11 42 54 55 56 68
11 43 55 56 57 69
11 44 56 57 58 70
11 45 57 58 59 71
