72 0 1236
R
O
Q
S
P
T
U
V
W
X
Y
Z
0
1
2
3
4
5
6
7
8
9
10
11
12
13
14
15
16
17
18
19
20
21
22
23
24
25
26
27
28
29
30
31
32
33
34
35
36
37
38
39
40
41
42
43
44
45
46
47
48
49
50
51
52
53
54
55
56
57
58
59
0 13 14 32 33 53
0 14 15 33 34 54
0 15 16 34 35 55
0 16 17 35 36 56
0 17 18 36 37 57
0 18 19 37 38 58
0 19 20 38 39 59
0 20 21 39 40 60
0 21 22 40 41 61
0 22 23 41 42 62
0 23 24 42 43 63
0 24 25 43 44 64
0 25 26 44 45 65
0 26 27 45 46 66
0 27 28 46 47 67
0 28 29 47 48 68
0 29 30 48 49 69
0 30 31 49 50 70
0 12 13 33 34 53
0 13 14 34 35 54
0 14 15 35 36 55
0 15 16 36 37 56
0 16 17 37 38 57
0 17 18 38 39 58
0 18 19 39 40 59
0 19 20 40 41 60
0 20 21 41 42 61
0 21 22 42 43 62
0 22 23 43 44 63
0 23 24 44 45 64
0 24 25 45 46 65
0 25 26 46 47 66
0 26 27 47 48 67
0 27 28 48 49 68
0 28 29 49 50 69
0 29 30 50 51 70
0 13 32 33 34 54
0 14 33 34 35 55
0 15 34 35 36 56
0 16 35 36 37 57
0 17 36 37 38 58
0 18 37 38 39 59
0 19 38 39 40 60
0 20 39 40 41 61
0 21 40 41 42 62
0 22 41 42 43 63
0 23 42 43 44 64
0 24 43 44 45 65
0 25 44 45 46 66
0 26 45 46 47 67
0 27 46 47 48 68
0 28 47 48 49 69
0 29 48 49 50 70
0 30 49 50 51 71
0 13 32 33 34 52
0 14 33 34 35 53
0 15 34 35 36 54
0 16 35 36 37 55
0 17 36 37 38 56
0 18 37 38 39 57
0 19 38 39 40 58
0 20 39 40 41 59
0 21 40 41 42 60
0 22 41 42 43 61
0 23 42 43 44 62
0 24 43 44 45 63
0 25 44 45 46 64
0 26 45 46 47 65
0 27 46 47 48 66
0 28 47 48 49 67
0 29 48 49 50 68
0 30 49 50 51 69
0 13 33 34 52 53
0 14 34 35 53 54
0 15 35 36 54 55
0 16 36 37 55 56
0 17 37 38 56 57
0 18 38 39 57 58
0 19 39 40 58 59
0 20 40 41 59 60
0 21 41 42 60 61
0 22 42 43 61 62
0 23 43 44 62 63
0 24 44 45 63 64
0 25 45 46 64 65
0 26 46 47 65 66
0 27 47 48 66 67
0 28 48 49 67 68
0 29 49 50 68 69
0 30 50 51 69 70
0 13 32 33 53 54
0 14 33 34 54 55
0 15 34 35 55 56
0 16 35 36 56 57
0 17 36 37 57 58
0 18 37 38 58 59
0 19 38 39 59 60
0 20 39 40 60 61
0 21 40 41 61 62
0 22 41 42 62 63
0 23 42 43 63 64
0 24 43 44 64 65
0 25 44 45 65 66
0 26 45 46 66 67
0 27 46 47 67 68
0 28 47 48 68 69
0 29 48 49 69 70
0 30 49 50 70 71
0 12 32 33 34 53
0 13 33 34 35 54
0 14 34 35 36 55
0 15 35 36 37 56
0 16 36 37 38 57
0 17 37 38 39 58
0 18 38 39 40 59
0 19 39 40 41 60
0 20 40 41 42 61
0 21 41 42 43 62
0 22 42 43 44 63
0 23 43 44 45 64
0 24 44 45 46 65
0 25 45 46 47 66
0 26 46 47 48 67
0 27 47 48 49 68
0 28 48 49 50 69
0 29 49 50 51 70
0 14 32 33 34 53
0 15 33 34 35 54
0 16 34 35 36 55
0 17 35 36 37 56
0 18 36 37 38 57
0 19 37 38 39 58
0 20 38 39 40 59
0 21 39 40 41 60
0 22 40 41 42 61
0 23 41 42 43 62
0 24 42 43 44 63
0 25 43 44 45 64
0 26 44 45 46 65
0 27 45 46 47 66
0 28 46 47 48 67
0 29 47 48 49 68
0 30 48 49 50 69
0 31 49 50 51 70
1 12 13 14 15 16
1 13 14 15 16 17
1 14 15 16 17 18
1 15 16 17 18 19
1 16 17 18 19 20
1 17 18 19 20 21
1 18 19 20 21 22
1 19 20 21 22 23
1 20 21 22 23 24
1 21 22 23 24 25
1 22 23 24 25 26
1 23 24 25 26 27
1 24 25 26 27 28
1 25 26 27 28 29
1 26 27 28 29 30
1 27 28 29 30 31
1 32 33 34 35 36
1 33 34 35 36 37
1 34 35 36 37 38
1 35 36 37 38 39
1 36 37 38 39 40
1 37 38 39 40 41
1 38 39 40 41 42
1 39 40 41 42 43
1 40 41 42 43 44
1 41 42 43 44 45
1 42 43 44 45 46
1 43 44 45 46 47
1 44 45 46 47 48
1 45 46 47 48 49
1 46 47 48 49 50
1 47 48 49 50 51
1 52 53 54 55 56
1 53 54 55 56 57
1 54 55 56 57 58
1 55 56 57 58 59
1 56 57 58 59 60
1 57 58 59 60 61
1 58 59 60 61 62
1 59 60 61 62 63
1 60 61 62 63 64
1 61 62 63 64 65
1 62 63 64 65 66
1 63 64 65 66 67
1 64 65 66 67 68
1 65 66 67 68 69
1 66 67 68 69 70
1 67 68 69 70 71
2 12 13 14 15 32
2 13 14 15 16 33
2 14 15 16 17 34
2 15 16 17 18 35
2 16 17 18 19 36
2 17 18 19 20 37
2 18 19 20 21 38
2 19 20 21 22 39
2 20 21 22 23 40
2 21 22 23 24 41
2 22 23 24 25 42
2 23 24 25 26 43
2 24 25 26 27 44
2 25 26 27 28 45
2 26 27 28 29 46
2 27 28 29 30 47
2 28 29 30 31 48
2 32 33 34 35 52
2 33 34 35 36 53
2 34 35 36 37 54
2 35 36 37 38 55
2 36 37 38 39 56
2 37 38 39 40 57
2 38 39 40 41 58
2 39 40 41 42 59
2 40 41 42 43 60
2 41 42 43 44 61
2 42 43 44 45 62
2 43 44 45 46 63
2 44 45 46 47 64
2 45 46 47 48 65
2 46 47 48 49 66
2 47 48 49 50 67
2 48 49 50 51 68
2 12 13 14 15 35
2 13 14 15 16 36
2 14 15 16 17 37
2 15 16 17 18 38
2 16 17 18 19 39
2 17 18 19 20 40
2 18 19 20 21 41
2 19 20 21 22 42
2 20 21 22 23 43
2 21 22 23 24 44
2 22 23 24 25 45
2 23 24 25 26 46
2 24 25 26 27 47
2 25 26 27 28 48
2 26 27 28 29 49
2 27 28 29 30 50
2 28 29 30 31 51
2 32 33 34 35 55
2 33 34 35 36 56
2 34 35 36 37 57
2 35 36 37 38 58
2 36 37 38 39 59
2 37 38 39 40 60
2 38 39 40 41 61
2 39 40 41 42 62
2 40 41 42 43 63
2 41 42 43 44 64
2 42 43 44 45 65
2 43 44 45 46 66
2 44 45 46 47 67
2 45 46 47 48 68
2 46 47 48 49 69
2 47 48 49 50 70
2 48 49 50 51 71
2 15 32 33 34 35
2 16 33 34 35 36
2 17 34 35 36 37
2 18 35 36 37 38
2 19 36 37 38 39
2 20 37 38 39 40
2 21 38 39 40 41
2 22 39 40 41 42
2 23 40 41 42 43
2 24 41 42 43 44
2 25 42 43 44 45
2 26 43 44 45 46
2 27 44 45 46 47
2 28 45 46 47 48
2 29 46 47 48 49
2 30 47 48 49 50
2 31 48 49 50 51
2 35 52 53 54 55
2 36 53 54 55 56
2 37 54 55 56 57
2 38 55 56 57 58
2 39 56 57 58 59
2 40 57 58 59 60
2 41 58 59 60 61
2 42 59 60 61 62
2 43 60 61 62 63
2 44 61 62 63 64
2 45 62 63 64 65
2 46 63 64 65 66
2 47 64 65 66 67
2 48 65 66 67 68
2 49 66 67 68 69
2 50 67 68 69 70
2 51 68 69 70 71
2 12 32 33 34 35
2 13 33 34 35 36
2 14 34 35 36 37
2 15 35 36 37 38
2 16 36 37 38 39
2 17 37 38 39 40
2 18 38 39 40 41
2 19 39 40 41 42
2 20 40 41 42 43
2 21 41 42 43 44
2 22 42 43 44 45
2 23 43 44 45 46
2 24 44 45 46 47
2 25 45 46 47 48
2 26 46 47 48 49
2 27 47 48 49 50
2 28 48 49 50 51
2 32 52 53 54 55
2 33 53 54 55 56
2 34 54 55 56 57
2 35 55 56 57 58
2 36 56 57 58 59
2 37 57 58 59 60
2 38 58 59 60 61
2 39 59 60 61 62
2 40 60 61 62 63
2 41 61 62 63 64
2 42 62 63 64 65
2 43 63 64 65 66
2 44 64 65 66 67
2 45 65 66 67 68
2 46 66 67 68 69
2 47 67 68 69 70
2 48 68 69 70 71
3 12 13 33 34 35
3 13 14 34 35 36
3 14 15 35 36 37
3 15 16 36 37 38
3 16 17 37 38 39
3 17 18 38 39 40
3 18 19 39 40 41
3 19 20 40 41 42
3 20 21 41 42 43
3 21 22 42 43 44
3 22 23 43 44 45
3 23 24 44 45 46
3 24 25 45 46 47
3 25 26 46 47 48
3 26 27 47 48 49
3 27 28 48 49 50
3 28 29 49 50 51
3 32 33 53 54 55
3 33 34 54 55 56
3 34 35 55 56 57
3 35 36 56 57 58
3 36 37 57 58 59
3 37 38 58 59 60
3 38 39 59 60 61
3 39 40 60 61 62
3 40 41 61 62 63
3 41 42 62 63 64
3 42 43 63 64 65
3 43 44 64 65 66
3 44 45 65 66 67
3 45 46 66 67 68
3 46 47 67 68 69
3 47 48 68 69 70
3 48 49 69 70 71
3 14 15 32 33 34
3 15 16 33 34 35
3 16 17 34 35 36
3 17 18 35 36 37
3 18 19 36 37 38
3 19 20 37 38 39
3 20 21 38 39 40
3 21 22 39 40 41
3 22 23 40 41 42
3 23 24 41 42 43
3 24 25 42 43 44
3 25 26 43 44 45
3 26 27 44 45 46
3 27 28 45 46 47
3 28 29 46 47 48
3 29 30 47 48 49
3 30 31 48 49 50
3 34 35 52 53 54
3 35 36 53 54 55
3 36 37 54 55 56
3 37 38 55 56 57
3 38 39 56 57 58
3 39 40 57 58 59
3 40 41 58 59 60
3 41 42 59 60 61
3 42 43 60 61 62
3 43 44 61 62 63
3 44 45 62 63 64
3 45 46 63 64 65
3 46 47 64 65 66
3 47 48 65 66 67
3 48 49 66 67 68
3 49 50 67 68 69
3 50 51 68 69 70
3 12 13 14 34 35
3 13 14 15 35 36
3 14 15 16 36 37
3 15 16 17 37 38
3 16 17 18 38 39
3 17 18 19 39 40
3 18 19 20 40 41
3 19 20 21 41 42
3 20 21 22 42 43
3 21 22 23 43 44
3 22 23 24 44 45
3 23 24 25 45 46
3 24 25 26 46 47
3 25 26 27 47 48
3 26 27 28 48 49
3 27 28 29 49 50
3 28 29 30 50 51
3 32 33 34 54 55
3 33 34 35 55 56
3 34 35 36 56 57
3 35 36 37 57 58
3 36 37 38 58 59
3 37 38 39 59 60
3 38 39 40 60 61
3 39 40 41 61 62
3 40 41 42 62 63
3 41 42 43 63 64
3 42 43 44 64 65
3 43 44 45 65 66
3 44 45 46 66 67
3 45 46 47 67 68
3 46 47 48 68 69
3 47 48 49 69 70
3 48 49 50 70 71
3 13 14 15 32 33
3 14 15 16 33 34
3 15 16 17 34 35
3 16 17 18 35 36
3 17 18 19 36 37
3 18 19 20 37 38
3 19 20 21 38 39
3 20 21 22 39 40
3 21 22 23 40 41
3 22 23 24 41 42
3 23 24 25 42 43
3 24 25 26 43 44
3 25 26 27 44 45
3 26 27 28 45 46
3 27 28 29 46 47
3 28 29 30 47 48
3 29 30 31 48 49
3 33 34 35 52 53
3 34 35 36 53 54
3 35 36 37 54 55
3 36 37 38 55 56
3 37 38 39 56 57
3 38 39 40 57 58
3 39 40 41 58 59
3 40 41 42 59 60
3 41 42 43 60 61
3 42 43 44 61 62
3 43 44 45 62 63
3 44 45 46 63 64
3 45 46 47 64 65
3 46 47 48 65 66
3 47 48 49 66 67
3 48 49 50 67 68
3 49 50 51 68 69
4 12 13 32 33 52
4 13 14 33 34 53
4 14 15 34 35 54
4 15 16 35 36 55
4 16 17 36 37 56
4 17 18 37 38 57
4 18 19 38 39 58
4 19 20 39 40 59
4 20 21 40 41 60
4 21 22 41 42 61
4 22 23 42 43 62
4 23 24 43 44 63
4 24 25 44 45 64
4 25 26 45 46 65
4 26 27 46 47 66
4 27 28 47 48 67
4 28 29 48 49 68
4 29 30 49 50 69
4 30 31 50 51 70
4 12 13 32 33 53
4 13 14 33 34 54
4 14 15 34 35 55
4 15 16 35 36 56
4 16 17 36 37 57
4 17 18 37 38 58
4 18 19 38 39 59
4 19 20 39 40 60
4 20 21 40 41 61
4 21 22 41 42 62
4 22 23 42 43 63
4 23 24 43 44 64
4 24 25 44 45 65
4 25 26 45 46 66
4 26 27 46 47 67
4 27 28 47 48 68
4 28 29 48 49 69
4 29 30 49 50 70
4 30 31 50 51 71
4 12 13 14 33 34
4 13 14 15 34 35
4 14 15 16 35 36
4 15 16 17 36 37
4 16 17 18 37 38
4 17 18 19 38 39
4 18 19 20 39 40
4 19 20 21 40 41
4 20 21 22 41 42
4 21 22 23 42 43
4 22 23 24 43 44
4 23 24 25 44 45
4 24 25 26 45 46
4 25 26 27 46 47
4 26 27 28 47 48
4 27 28 29 48 49
4 28 29 30 49 50
4 29 30 31 50 51
4 32 33 34 53 54
4 33 34 35 54 55
4 34 35 36 55 56
4 35 36 37 56 57
4 36 37 38 57 58
4 37 38 39 58 59
4 38 39 40 59 60
4 39 40 41 60 61
4 40 41 42 61 62
4 41 42 43 62 63
4 42 43 44 63 64
4 43 44 45 64 65
4 44 45 46 65 66
4 45 46 47 66 67
4 46 47 48 67 68
4 47 48 49 68 69
4 48 49 50 69 70
4 49 50 51 70 71
4 12 13 14 32 33
4 13 14 15 33 34
4 14 15 16 34 35
4 15 16 17 35 36
4 16 17 18 36 37
4 17 18 19 37 38
4 18 19 20 38 39
4 19 20 21 39 40
4 20 21 22 40 41
4 21 22 23 41 42
4 22 23 24 42 43
4 23 24 25 43 44
4 24 25 26 44 45
4 25 26 27 45 46
4 26 27 28 46 47
4 27 28 29 47 48
4 28 29 30 48 49
4 29 30 31 49 50
4 32 33 34 52 53
4 33 34 35 53 54
4 34 35 36 54 55
4 35 36 37 55 56
4 36 37 38 56 57
4 37 38 39 57 58
4 38 39 40 58 59
4 39 40 41 59 60
4 40 41 42 60 61
4 41 42 43 61 62
4 42 43 44 62 63
4 43 44 45 63 64
4 44 45 46 64 65
4 45 46 47 65 66
4 46 47 48 66 67
4 47 48 49 67 68
4 48 49 50 68 69
4 49 50 51 69 70
4 13 32 33 52 53
4 14 33 34 53 54
4 15 34 35 54 55
4 16 35 36 55 56
4 17 36 37 56 57
4 18 37 38 57 58
4 19 38 39 58 59
4 20 39 40 59 60
4 21 40 41 60 61
4 22 41 42 61 62
4 23 42 43 62 63
4 24 43 44 63 64
4 25 44 45 64 65
4 26 45 46 65 66
4 27 46 47 66 67
4 28 47 48 67 68
4 29 48 49 68 69
4 30 49 50 69 70
4 31 50 51 70 71
4 12 32 33 52 53
4 13 33 34 53 54
4 14 34 35 54 55
4 15 35 36 55 56
4 16 36 37 56 57
4 17 37 38 57 58
4 18 38 39 58 59
4 19 39 40 59 60
4 20 40 41 60 61
4 21 41 42 61 62
4 22 42 43 62 63
4 23 43 44 63 64
4 24 44 45 64 65
4 25 45 46 65 66
4 26 46 47 66 67
4 27 47 48 67 68
4 28 48 49 68 69
4 29 49 50 69 70
4 30 50 51 70 71
4 12 13 32 33 34
4 13 14 33 34 35
4 14 15 34 35 36
4 15 16 35 36 37
4 16 17 36 37 38
4 17 18 37 38 39
4 18 19 38 39 40
4 19 20 39 40 41
4 20 21 40 41 42
4 21 22 41 42 43
4 22 23 42 43 44
4 23 24 43 44 45
4 24 25 44 45 46
4 25 26 45 46 47
4 26 27 46 47 48
4 27 28 47 48 49
4 28 29 48 49 50
4 29 30 49 50 51
4 32 33 52 53 54
4 33 34 53 54 55
4 34 35 54 55 56
4 35 36 55 56 57
4 36 37 56 57 58
4 37 38 57 58 59
4 38 39 58 59 60
4 39 40 59 60 61
4 40 41 60 61 62
4 41 42 61 62 63
4 42 43 62 63 64
4 43 44 63 64 65
4 44 45 64 65 66
4 45 46 65 66 67
4 46 47 66 67 68
4 47 48 67 68 69
4 48 49 68 69 70
4 49 50 69 70 71
4 13 14 32 33 34
4 14 15 33 34 35
4 15 16 34 35 36
4 16 17 35 36 37
4 17 18 36 37 38
4 18 19 37 38 39
4 19 20 38 39 40
4 20 21 39 40 41
4 21 22 40 41 42
4 22 23 41 42 43
4 23 24 42 43 44
4 24 25 43 44 45
4 25 26 44 45 46
4 26 27 45 46 47
4 27 28 46 47 48
4 28 29 47 48 49
4 29 30 48 49 50
4 30 31 49 50 51
4 33 34 52 53 54
4 34 35 53 54 55
4 35 36 54 55 56
4 36 37 55 56 57
4 37 38 56 57 58
4 38 39 57 58 59
4 39 40 58 59 60
4 40 41 59 60 61
4 41 42 60 61 62
4 42 43 61 62 63
4 43 44 62 63 64
4 44 45 63 64 65
4 45 46 64 65 66
4 46 47 65 66 67
4 47 48 66 67 68
4 48 49 67 68 69
4 49 50 68 69 70
4 50 51 69 70 71
5 12 13 14 33 53
5 13 14 15 34 54
5 14 15 16 35 55
5 15 16 17 36 56
5 16 17 18 37 57
5 17 18 19 38 58
5 18 19 20 39 59
5 19 20 21 40 60
5 20 21 22 41 61
5 21 22 23 42 62
5 22 23 24 43 63
5 23 24 25 44 64
5 24 25 26 45 65
5 25 26 27 46 66
5 26 27 28 47 67
5 27 28 29 48 68
5 28 29 30 49 69
5 29 30 31 50 70
5 14 32 33 34 54
5 15 33 34 35 55
5 16 34 35 36 56
5 17 35 36 37 57
5 18 36 37 38 58
5 19 37 38 39 59
5 20 38 39 40 60
5 21 39 40 41 61
5 22 40 41 42 62
5 23 41 42 43 63
5 24 42 43 44 64
5 25 43 44 45 65
5 26 44 45 46 66
5 27 45 46 47 67
5 28 46 47 48 68
5 29 47 48 49 69
5 30 48 49 50 70
5 31 49 50 51 71
5 12 32 33 34 52
5 13 33 34 35 53
5 14 34 35 36 54
5 15 35 36 37 55
5 16 36 37 38 56
5 17 37 38 39 57
5 18 38 39 40 58
5 19 39 40 41 59
5 20 40 41 42 60
5 21 41 42 43 61
5 22 42 43 44 62
5 23 43 44 45 63
5 24 44 45 46 64
5 25 45 46 47 65
5 26 46 47 48 66
5 27 47 48 49 67
5 28 48 49 50 68
5 29 49 50 51 69
5 13 33 52 53 54
5 14 34 53 54 55
5 15 35 54 55 56
5 16 36 55 56 57
5 17 37 56 57 58
5 18 38 57 58 59
5 19 39 58 59 60
5 20 40 59 60 61
5 21 41 60 61 62
5 22 42 61 62 63
5 23 43 62 63 64
5 24 44 63 64 65
5 25 45 64 65 66
5 26 46 65 66 67
5 27 47 66 67 68
5 28 48 67 68 69
5 29 49 68 69 70
5 30 50 69 70 71
6 12 14 32 33 34
6 13 15 33 34 35
6 14 16 34 35 36
6 15 17 35 36 37
6 16 18 36 37 38
6 17 19 37 38 39
6 18 20 38 39 40
6 19 21 39 40 41
6 20 22 40 41 42
6 21 23 41 42 43
6 22 24 42 43 44
6 23 25 43 44 45
6 24 26 44 45 46
6 25 27 45 46 47
6 26 28 46 47 48
6 27 29 47 48 49
6 28 30 48 49 50
6 29 31 49 50 51
6 32 34 52 53 54
6 33 35 53 54 55
6 34 36 54 55 56
6 35 37 55 56 57
6 36 38 56 57 58
6 37 39 57 58 59
6 38 40 58 59 60
6 39 41 59 60 61
6 40 42 60 61 62
6 41 43 61 62 63
6 42 44 62 63 64
6 43 45 63 64 65
6 44 46 64 65 66
6 45 47 65 66 67
6 46 48 66 67 68
6 47 49 67 68 69
6 48 50 68 69 70
6 49 51 69 70 71
6 12 13 32 52 53
6 13 14 33 53 54
6 14 15 34 54 55
6 15 16 35 55 56
6 16 17 36 56 57
6 17 18 37 57 58
6 18 19 38 58 59
6 19 20 39 59 60
6 20 21 40 60 61
6 21 22 41 61 62
6 22 23 42 62 63
6 23 24 43 63 64
6 24 25 44 64 65
6 25 26 45 65 66
6 26 27 46 66 67
6 27 28 47 67 68
6 28 29 48 68 69
6 29 30 49 69 70
6 30 31 50 70 71
6 12 13 33 52 53
6 13 14 34 53 54
6 14 15 35 54 55
6 15 16 36 55 56
6 16 17 37 56 57
6 17 18 38 57 58
6 18 19 39 58 59
6 19 20 40 59 60
6 20 21 41 60 61
6 21 22 42 61 62
6 22 23 43 62 63
6 23 24 44 63 64
6 24 25 45 64 65
6 25 26 46 65 66
6 26 27 47 66 67
6 27 28 48 67 68
6 28 29 49 68 69
6 29 30 50 69 70
6 30 31 51 70 71
6 12 13 14 32 34
6 13 14 15 33 35
6 14 15 16 34 36
6 15 16 17 35 37
6 16 17 18 36 38
6 17 18 19 37 39
6 18 19 20 38 40
6 19 20 21 39 41
6 20 21 22 40 42
6 21 22 23 41 43
6 22 23 24 42 44
6 23 24 25 43 45
6 24 25 26 44 46
6 25 26 27 45 47
6 26 27 28 46 48
6 27 28 29 47 49
6 28 29 30 48 50
6 29 30 31 49 51
6 32 33 34 52 54
6 33 34 35 53 55
6 34 35 36 54 56
6 35 36 37 55 57
6 36 37 38 56 58
6 37 38 39 57 59
6 38 39 40 58 60
6 39 40 41 59 61
6 40 41 42 60 62
6 41 42 43 61 63
6 42 43 44 62 64
6 43 44 45 63 65
6 44 45 46 64 66
6 45 46 47 65 67
6 46 47 48 66 68
6 47 48 49 67 69
6 48 49 50 68 70
6 49 50 51 69 71
7 12 13 14 32 52
7 13 14 15 33 53
7 14 15 16 34 54
7 15 16 17 35 55
7 16 17 18 36 56
7 17 18 19 37 57
7 18 19 20 38 58
7 19 20 21 39 59
7 20 21 22 40 60
7 21 22 23 41 61
7 22 23 24 42 62
7 23 24 25 43 63
7 24 25 26 44 64
7 25 26 27 45 65
7 26 27 28 46 66
7 27 28 29 47 67
7 28 29 30 48 68
7 29 30 31 49 69
7 12 13 14 34 54
7 13 14 15 35 55
7 14 15 16 36 56
7 15 16 17 37 57
7 16 17 18 38 58
7 17 18 19 39 59
7 18 19 20 40 60
7 19 20 21 41 61
7 20 21 22 42 62
7 21 22 23 43 63
7 22 23 24 44 64
7 23 24 25 45 65
7 24 25 26 46 66
7 25 26 27 47 67
7 26 27 28 48 68
7 27 28 29 49 69
7 28 29 30 50 70
7 29 30 31 51 71
7 14 34 52 53 54
7 15 35 53 54 55
7 16 36 54 55 56
7 17 37 55 56 57
7 18 38 56 57 58
7 19 39 57 58 59
7 20 40 58 59 60
7 21 41 59 60 61
7 22 42 60 61 62
7 23 43 61 62 63
7 24 44 62 63 64
7 25 45 63 64 65
7 26 46 64 65 66
7 27 47 65 66 67
7 28 48 66 67 68
7 29 49 67 68 69
7 30 50 68 69 70
7 31 51 69 70 71
7 12 32 52 53 54
7 13 33 53 54 55
7 14 34 54 55 56
7 15 35 55 56 57
7 16 36 56 57 58
7 17 37 57 58 59
7 18 38 58 59 60
7 19 39 59 60 61
7 20 40 60 61 62
7 21 41 61 62 63
7 22 42 62 63 64
7 23 43 63 64 65
7 24 44 64 65 66
7 25 45 65 66 67
7 26 46 66 67 68
7 27 47 67 68 69
7 28 48 68 69 70
7 29 49 69 70 71
8 12 32 33 53 54
8 13 33 34 54 55
8 14 34 35 55 56
8 15 35 36 56 57
8 16 36 37 57 58
8 17 37 38 58 59
8 18 38 39 59 60
8 19 39 40 60 61
8 20 40 41 61 62
8 21 41 42 62 63
8 22 42 43 63 64
8 23 43 44 64 65
8 24 44 45 65 66
8 25 45 46 66 67
8 26 46 47 67 68
8 27 47 48 68 69
8 28 48 49 69 70
8 29 49 50 70 71
8 14 33 34 52 53
8 15 34 35 53 54
8 16 35 36 54 55
8 17 36 37 55 56
8 18 37 38 56 57
8 19 38 39 57 58
8 20 39 40 58 59
8 21 40 41 59 60
8 22 41 42 60 61
8 23 42 43 61 62
8 24 43 44 62 63
8 25 44 45 63 64
8 26 45 46 64 65
8 27 46 47 65 66
8 28 47 48 66 67
8 29 48 49 67 68
8 30 49 50 68 69
8 31 50 51 69 70
8 13 14 32 33 52
8 14 15 33 34 53
8 15 16 34 35 54
8 16 17 35 36 55
8 17 18 36 37 56
8 18 19 37 38 57
8 19 20 38 39 58
8 20 21 39 40 59
8 21 22 40 41 60
8 22 23 41 42 61
8 23 24 42 43 62
8 24 25 43 44 63
8 25 26 44 45 64
8 26 27 45 46 65
8 27 28 46 47 66
8 28 29 47 48 67
8 29 30 48 49 68
8 30 31 49 50 69
8 12 13 33 34 54
8 13 14 34 35 55
8 14 15 35 36 56
8 15 16 36 37 57
8 16 17 37 38 58
8 17 18 38 39 59
8 18 19 39 40 60
8 19 20 40 41 61
8 20 21 41 42 62
8 21 22 42 43 63
8 22 23 43 44 64
8 23 24 44 45 65
8 24 25 45 46 66
8 25 26 46 47 67
8 26 27 47 48 68
8 27 28 48 49 69
8 28 29 49 50 70
8 29 30 50 51 71
9 13 32 33 34 53
9 14 33 34 35 54
9 15 34 35 36 55
9 16 35 36 37 56
9 17 36 37 38 57
9 18 37 38 39 58
9 19 38 39 40 59
9 20 39 40 41 60
9 21 40 41 42 61
9 22 41 42 43 62
9 23 42 43 44 63
9 24 43 44 45 64
9 25 44 45 46 65
9 26 45 46 47 66
9 27 46 47 48 67
9 28 47 48 49 68
9 29 48 49 50 69
9 30 49 50 51 70
10 14 32 33 34 35
10 15 33 34 35 36
10 16 34 35 36 37
10 17 35 36 37 38
10 18 36 37 38 39
10 19 37 38 39 40
10 20 38 39 40 41
10 21 39 40 41 42
10 22 40 41 42 43
10 23 41 42 43 44
10 24 42 43 44 45
10 25 43 44 45 46
10 26 44 45 46 47
10 27 45 46 47 48
10 28 46 47 48 49
10 29 47 48 49 50
10 30 48 49 50 51
10 34 52 53 54 55
10 35 53 54 55 56
10 36 54 55 56 57
10 37 55 56 57 58
10 38 56 57 58 59
10 39 57 58 59 60
10 40 58 59 60 61
10 41 59 60 61 62
10 42 60 61 62 63
10 43 61 62 63 64
10 44 62 63 64 65
10 45 63 64 65 66
10 46 64 65 66 67
10 47 65 66 67 68
10 48 66 67 68 69
10 49 67 68 69 70
10 50 68 69 70 71
10 13 32 33 34 35
10 14 33 34 35 36
10 15 34 35 36 37
10 16 35 36 37 38
10 17 36 37 38 39
10 18 37 38 39 40
10 19 38 39 40 41
10 20 39 40 41 42
10 21 40 41 42 43
10 22 41 42 43 44
10 23 42 43 44 45
10 24 43 44 45 46
10 25 44 45 46 47
10 26 45 46 47 48
10 27 46 47 48 49
10 28 47 48 49 50
10 29 48 49 50 51
10 33 52 53 54 55
10 34 53 54 55 56
10 35 54 55 56 57
10 36 55 56 57 58
10 37 56 57 58 59
10 38 57 58 59 60
10 39 58 59 60 61
10 40 59 60 61 62
10 41 60 61 62 63
10 42 61 62 63 64
10 43 62 63 64 65
10 44 63 64 65 66
10 45 64 65 66 67
10 46 65 66 67 68
10 47 66 67 68 69
10 48 67 68 69 70
10 49 68 69 70 71
10 12 13 14 15 33
10 13 14 15 16 34
10 14 15 16 17 35
10 15 16 17 18 36
10 16 17 18 19 37
10 17 18 19 20 38
10 18 19 20 21 39
10 19 20 21 22 40
10 20 21 22 23 41
10 21 22 23 24 42
10 22 23 24 25 43
10 23 24 25 26 44
10 24 25 26 27 45
10 25 26 27 28 46
10 26 27 28 29 47
10 27 28 29 30 48
10 28 29 30 31 49
10 32 33 34 35 53
10 33 34 35 36 54
10 34 35 36 37 55
10 35 36 37 38 56
10 36 37 38 39 57
10 37 38 39 40 58
10 38 39 40 41 59
10 39 40 41 42 60
10 40 41 42 43 61
10 41 42 43 44 62
10 42 43 44 45 63
10 43 44 45 46 64
10 44 45 46 47 65
10 45 46 47 48 66
10 46 47 48 49 67
10 47 48 49 50 68
10 48 49 50 51 69
10 12 13 14 15 34
10 13 14 15 16 35
10 14 15 16 17 36
10 15 16 17 18 37
10 16 17 18 19 38
10 17 18 19 20 39
10 18 19 20 21 40
10 19 20 21 22 41
10 20 21 22 23 42
10 21 22 23 24 43
10 22 23 24 25 44
10 23 24 25 26 45
10 24 25 26 27 46
10 25 26 27 28 47
10 26 27 28 29 48
10 27 28 29 30 49
10 28 29 30 31 50
10 32 33 34 35 54
10 33 34 35 36 55
10 34 35 36 37 56
10 35 36 37 38 57
10 36 37 38 39 58
10 37 38 39 40 59
10 38 39 40 41 60
10 39 40 41 42 61
10 40 41 42 43 62
10 41 42 43 44 63
10 42 43 44 45 64
10 43 44 45 46 65
10 44 45 46 47 66
10 45 46 47 48 67
10 46 47 48 49 68
10 47 48 49 50 69
10 48 49 50 51 70
11 12 13 33 53 54
11 13 14 34 54 55
11 14 15 35 55 56
11 15 16 36 56 57
11 16 17 37 57 58
11 17 18 38 58 59
11 18 19 39 59 60
11 19 20 40 60 61
11 20 21 41 61 62
11 21 22 42 62 63
11 22 23 43 63 64
11 23 24 44 64 65
11 24 25 45 65 66
11 25 26 46 66 67
11 26 27 47 67 68
11 27 28 48 68 69
11 28 29 49 69 70
11 29 30 50 70 71
11 13 14 33 52 53
11 14 15 34 53 54
11 15 16 35 54 55
11 16 17 36 55 56
11 17 18 37 56 57
11 18 19 38 57 58
11 19 20 39 58 59
11 20 21 40 59 60
11 21 22 41 60 61
11 22 23 42 61 62
11 23 24 43 62 63
11 24 25 44 63 64
11 25 26 45 64 65
11 26 27 46 65 66
11 27 28 47 66 67
11 28 29 48 67 68
11 29 30 49 68 69
11 30 31 50 69 70
11 14 32 33 34 52
11 15 33 34 35 53
11 16 34 35 36 54
11 17 35 36 37 55
11 18 36 37 38 56
11 19 37 38 39 57
11 20 38 39 40 58
11 21 39 40 41 59
11 22 40 41 42 60
11 23 41 42 43 61
11 24 42 43 44 62
11 25 43 44 45 63
11 26 44 45 46 64
11 27 45 46 47 65
11 28 46 47 48 66
11 29 47 48 49 67
11 30 48 49 50 68
11 31 49 50 51 69
11 12 32 33 34 54
11 13 33 34 35 55
11 14 34 35 36 56
11 15 35 36 37 57
11 16 36 37 38 58
11 17 37 38 39 59
11 18 38 39 40 60
11 19 39 40 41 61
11 20 40 41 42 62
11 21 41 42 43 63
11 22 42 43 44 64
11 23 43 44 45 65
11 24 44 45 46 66
11 25 45 46 47 67
11 26 46 47 48 68
11 27 47 48 49 69
11 28 48 49 50 70
11 29 49 50 51 71