196 0 146
c1l1
c2l1
c4l1
c6l1
c7l1
c8l1
c9l1
c4l2
c5l2
c6l2
c7l2
c9l2
c2l3
c5l3
c6l3
c8l3
c9l3
c2l4
c3l4
c4l4
c6l4
c7l4
c8l4
c1l5
c3l5
c5l5
c6l5
c7l5
c1l6
c4l6
c5l6
c7l6
c9l6
c1l7
c2l7
c3l7
c6l7
c8l7
c1l8
c2l8
c3l8
c5l8
c6l8
c7l8
c8l8
c3l9
c4l9
c5l9
c9l9
c1n1
c3n1
c4n1
c6n1
c7n1
c8n1
c9n1
c3n2
c5n2
c6n2
c7n2
c8n2
c5n3
c6n3
c2n4
c3n4
c4n4
c5n4
c8n4
c9n4
c2n5
c5n5
c6n5
c7n5
c9n5
c1n6
c2n6
c4n6
c6n6
c7n6
c9n6
c1n7
c3n7
c4n7
c5n7
c7n7
c8n7
c9n7
c1n8
c2n8
c4n8
c6n8
c7n8
c8n8
c1n9
c2n9
c3n9
c5n9
c6n9
l3n1
l4n1
l5n1
l6n1
l7n1
l8n1
l9n1
l1n2
l2n2
l4n2
l6n2
l8n2
l2n3
l4n3
l1n4
l3n4
l4n4
l5n4
l8n4
l9n4
l1n5
l5n5
l6n5
l7n5
l8n5
l1n6
l2n6
l4n6
l5n6
l8n6
l9n6
l1n7
l2n7
l3n7
l4n7
l6n7
l7n7
l8n7
l1n8
l2n8
l3n8
l5n8
l7n8
l9n8
l1n9
l3n9
l6n9
l7n9
l8n9
b2n1
b3n1
b4n1
b5n1
b6n1
b7n1
b8n1
b1n2
b2n2
b3n2
b4n2
b8n2
b1n3
b4n3
b1n4
b2n4
b3n4
b5n4
b6n4
b7n4
b2n5
b4n5
b5n5
b6n5
b7n5
b1n6
b2n6
b3n6
b4n6
b6n6
b8n6
b0n7
b1n7
b2n7
b4n7
b5n7
b6n7
b8n7
b0n8
b1n8
b2n8
b5n8
b6n8
b7n8
b0n9
b1n9
b3n9
b6n9
b7n9
0 80 129 178
0 87 136 185
0 93 142 191
1 88 136 185
1 94 142 191
2 65 112 161
2 76 123 172
2 82 129 179
2 89 136 186
3 58 105 154
3 77 123 172
3 90 136 186
3 97 142 192
4 59 105 155
4 72 118 167
4 78 123 173
4 84 129 180
4 91 136 187
5 60 105 155
5 67 112 162
5 85 129 180
5 92 136 187
6 68 112 162
6 73 118 167
6 79 123 173
6 86 129 180
7 76 124 172
7 82 130 179
7 89 137 186
8 57 106 154
8 61 110 159
8 83 130 179
9 58 106 154
9 62 110 159
9 77 124 172
9 90 137 186
10 59 106 155
10 78 124 173
10 84 130 180
10 91 137 187
11 79 124 173
11 86 130 180
12 88 138 185
12 94 143 191
13 66 113 161
13 83 131 179
13 96 143 192
14 90 138 186
14 97 143 192
15 54 98 147
15 67 113 162
15 85 131 180
15 92 138 187
16 55 98 147
16 68 113 162
16 86 131 180
17 63 114 163
17 75 125 174
18 50 99 148
18 56 107 156
18 64 114 163
19 51 99 149
19 76 125 175
19 82 132 181
20 52 99 149
20 58 107 157
20 62 111 160
20 77 125 175
21 53 99 150
21 84 132 182
22 54 99 150
22 67 114 164
22 85 132 182
23 49 100 148
23 74 126 174
24 50 100 148
24 64 115 163
25 70 119 168
26 52 100 149
26 71 119 168
26 77 126 175
27 53 100 150
27 72 119 169
27 91 139 188
28 49 101 148
28 93 144 193
29 51 101 149
29 82 133 181
30 57 108 157
30 70 120 168
30 83 133 181
31 53 101 150
31 72 120 169
31 84 133 182
32 55 101 150
32 73 120 169
32 86 133 182
33 49 102 151
33 80 134 183
33 87 140 189
33 93 145 194
34 69 121 170
34 88 140 189
34 94 145 194
35 50 102 151
35 81 134 183
35 95 145 194
36 52 102 152
36 71 121 171
36 90 140 190
36 97 145 195
37 54 102 153
37 85 134 184
38 49 103 151
38 74 127 176
38 80 135 183
38 93 146 194
39 63 116 165
39 69 122 170
39 75 127 176
39 94 146 194
40 50 103 151
40 64 116 165
40 81 135 183
40 95 146 194
41 66 116 166
41 70 122 171
41 96 146 195
42 52 103 152
42 71 122 171
42 97 146 195
43 53 103 153
43 59 109 158
43 78 127 177
43 84 135 184
44 54 103 153
44 60 109 158
44 85 135 184
45 50 104 151
45 64 117 165
46 51 104 152
46 65 117 166
46 89 141 190
47 66 117 166
48 55 104 153
48 79 128 177
