0
64 0 64
c1l1
c2l1
c3l1
c4l1
c1l2
c2l2
c3l2
c4l2
c1l3
c2l3
c3l3
c4l3
c1l4
c2l4
c3l4
c4l4
c1n1
c2n1
c3n1
c4n1
c1n2
c2n2
c3n2
c4n2
c1n3
c2n3
c3n3
c4n3
c1n4
c2n4
c3n4
c4n4
l1n1
l2n1
l3n1
l4n1
l1n2
l2n2
l3n2
l4n2
l1n3
l2n3
l3n3
l4n3
l1n4
l2n4
l3n4
l4n4
b0n1
b1n1
b2n1
b3n1
b0n2
b1n2
b2n2
b3n2
b0n3
b1n3
b2n3
b3n3
b0n4
b1n4
b2n4
b3n4
0 16 32 48
0 20 36 52
0 24 40 56
0 28 44 60
1 17 32 48
1 21 36 52
1 25 40 56
1 29 44 60
2 18 32 49
2 22 36 53
2 26 40 57
2 30 44 61
3 19 32 49
3 23 36 53
3 27 40 57
3 31 44 61
4 16 33 48
4 20 37 52
4 24 41 56
4 28 45 60
5 17 33 48
5 21 37 52
5 25 41 56
5 29 45 60
6 18 33 49
6 22 37 53
6 26 41 57
6 30 45 61
7 19 33 49
7 23 37 53
7 27 41 57
7 31 45 61
8 16 34 50
8 20 38 54
8 24 42 58
8 28 46 62
9 17 34 50
9 21 38 54
9 25 42 58
9 29 46 62
10 18 34 51
10 22 38 55
10 26 42 59
10 30 46 63
11 19 34 51
11 23 38 55
11 27 42 59
11 31 46 63
12 16 35 50
12 20 39 54
12 24 43 58
12 28 47 62
13 17 35 50
13 21 39 54
13 25 43 58
13 29 47 62
14 18 35 51
14 22 39 55
14 26 43 59
14 30 47 63
15 19 35 51
15 23 39 55
15 27 43 59
15 31 47 63