260 0 329
c1l1
c3l1
c4l1
c6l1
c7l1
c8l1
c9l1
c1l2
c2l2
c3l2
c5l2
c6l2
c8l2
c9l2
c1l3
c3l3
c4l3
c5l3
c6l3
c7l3
c9l3
c2l4
c3l4
c4l4
c5l4
c6l4
c8l4
c1l5
c2l5
c3l5
c4l5
c7l5
c8l5
c9l5
c2l6
c3l6
c4l6
c5l6
c6l6
c7l6
c8l6
c9l6
c2l7
c3l7
c5l7
c6l7
c7l7
c8l7
c9l7
c1l8
c2l8
c3l8
c4l8
c5l8
c6l8
c7l8
c9l8
c1l9
c3l9
c4l9
c5l9
c6l9
c7l9
c8l9
c9l9
c2n1
c3n1
c4n1
c6n1
c8n1
c9n1
c2n2
c3n2
c4n2
c5n2
c6n2
c7n2
c8n2
c9n2
c1n3
c3n3
c4n3
c6n3
c7n3
c8n3
c9n3
c2n4
c3n4
c5n4
c6n4
c7n4
c8n4
c1n5
c3n5
c4n5
c5n5
c7n5
c9n5
c1n6
c2n6
c3n6
c5n6
c6n6
c8n6
c9n6
c1n7
c2n7
c3n7
c4n7
c5n7
c6n7
c7n7
c8n7
c9n7
c1n8
c2n8
c3n8
c4n8
c5n8
c6n8
c7n8
c8n8
c9n8
c1n9
c3n9
c4n9
c5n9
c6n9
c7n9
c9n9
l3n1
l4n1
l5n1
l7n1
l8n1
l9n1
l1n2
l2n2
l3n2
l5n2
l6n2
l7n2
l8n2
l9n2
l2n3
l3n3
l4n3
l6n3
l7n3
l8n3
l9n3
l1n4
l3n4
l5n4
l6n4
l8n4
l9n4
l1n5
l2n5
l4n5
l6n5
l7n5
l9n5
l1n6
l2n6
l3n6
l5n6
l6n6
l8n6
l9n6
l1n7
l2n7
l3n7
l4n7
l5n7
l6n7
l7n7
l8n7
l9n7
l1n8
l2n8
l3n8
l4n8
l5n8
l6n8
l7n8
l8n8
l9n8
l1n9
l2n9
l4n9
l5n9
l6n9
l7n9
l8n9
b0n1
b4n1
b5n1
b6n1
b7n1
b8n1
b0n2
b1n2
b2n2
b4n2
b5n2
b6n2
b7n2
b8n2
b1n3
b2n3
b3n3
b5n3
b6n3
b7n3
b8n3
b0n4
b2n4
b3n4
b4n4
b7n4
b8n4
b1n5
b2n5
b3n5
b5n5
b6n5
b7n5
b0n6
b1n6
b2n6
b3n6
b4n6
b6n6
b8n6
b0n7
b1n7
b2n7
b3n7
b4n7
b5n7
b6n7
b7n7
b8n7
b0n8
b1n8
b2n8
b3n8
b4n8
b5n8
b6n8
b7n8
b8n8
b0n9
b1n9
b3n9
b4n9
b5n9
b7n9
b8n9
0 98 163 228
0 105 170 235
0 114 179 244
0 123 188 253
1 72 136 201
1 87 151 216
1 100 163 228
1 107 170 235
1 116 179 244
1 124 188 253
2 73 136 202
2 94 157 222
2 108 170 236
2 117 179 245
2 125 188 254
3 75 136 202
3 102 163 229
3 110 170 236
3 119 179 245
3 127 188 254
4 76 136 203
4 90 151 217
4 96 157 223
4 111 170 237
4 120 179 246
5 77 136 203
5 91 151 217
5 103 163 230
5 112 170 237
5 121 179 246
6 78 136 203
6 97 157 223
6 104 163 230
6 113 170 237
6 122 179 246
7 98 164 228
7 105 171 235
7 114 180 244
7 123 189 253
8 71 137 201
8 99 164 228
8 106 171 235
8 115 180 244
9 72 137 201
9 100 164 228
9 107 171 235
9 116 180 244
9 124 189 253
10 74 137 202
10 95 158 222
10 101 164 229
10 109 171 236
10 118 180 245
10 126 189 254
11 75 137 202
11 82 144 209
11 102 164 229
11 110 171 236
11 119 180 245
11 127 189 254
12 77 137 203
12 84 144 210
12 103 164 230
12 112 171 237
12 121 180 246
13 78 137 203
13 85 144 210
13 97 158 223
13 104 164 230
13 113 171 237
13 122 180 246
14 98 165 228
14 105 172 235
14 114 181 244
15 66 130 195
15 72 138 201
15 87 152 216
15 100 165 228
15 107 172 235
15 116 181 244
16 73 138 202
16 81 145 209
16 108 172 236
16 117 181 245
17 74 138 202
17 101 165 229
17 109 172 236
17 118 181 245
18 75 138 202
18 82 145 209
18 102 165 229
18 110 172 236
18 119 181 245
19 76 138 203
19 83 145 210
19 90 152 217
19 111 172 237
19 120 181 246
20 78 138 203
20 85 145 210
20 104 165 230
20 113 172 237
20 122 181 246
21 106 173 238
21 115 182 247
22 80 146 211
22 93 159 224
22 107 173 238
22 116 182 247
22 124 190 255
23 67 131 196
23 108 173 239
23 117 182 248
23 125 190 256
24 109 173 239
24 118 182 248
24 126 190 256
25 68 131 196
25 110 173 239
25 119 182 248
25 127 190 256
26 69 131 197
26 84 146 212
26 112 173 240
26 121 182 249
27 98 166 231
27 105 174 238
27 114 183 247
27 123 191 255
28 86 153 218
28 99 166 231
28 106 174 238
28 115 183 247
29 87 153 218
29 100 166 231
29 107 174 238
29 116 183 247
29 124 191 255
30 67 132 196
30 73 139 204
30 108 174 239
30 117 183 248
30 125 191 256
31 76 139 205
31 111 174 240
31 120 183 249
31 128 191 257
32 69 132 197
32 77 139 205
32 112 174 240
32 121 183 249
33 70 132 197
33 78 139 205
33 113 174 240
33 122 183 249
33 129 191 257
34 86 154 218
34 99 167 231
34 106 175 238
34 115 184 247
35 80 147 211
35 87 154 218
35 93 160 224
35 100 167 231
35 107 175 238
35 116 184 247
35 124 192 255
36 73 140 204
36 108 175 239
36 117 184 248
36 125 192 256
37 74 140 204
37 88 154 219
37 101 167 232
37 109 175 239
37 118 184 248
37 126 192 256
38 75 140 204
38 89 154 219
38 102 167 232
38 110 175 239
38 119 184 248
38 127 192 256
39 76 140 205
39 83 147 212
39 96 160 225
39 111 175 240
39 120 184 249
39 128 192 257
40 77 140 205
40 84 147 212
40 112 175 240
40 121 184 249
41 78 140 205
41 85 147 212
41 97 160 225
41 113 175 240
41 122 184 249
41 129 192 257
42 65 133 198
42 71 141 206
42 106 176 241
42 115 185 250
43 66 133 198
43 72 141 206
43 80 148 213
43 93 161 226
43 107 176 241
43 116 185 250
44 74 141 207
44 95 161 227
44 109 176 242
44 118 185 251
44 126 193 258
45 68 133 199
45 75 141 207
45 82 148 214
45 110 176 242
45 119 185 251
45 127 193 258
46 76 141 208
46 83 148 215
46 111 176 243
46 120 185 252
46 128 193 259
47 69 133 200
47 77 141 208
47 84 148 215
47 112 176 243
47 121 185 252
48 70 133 200
48 78 141 208
48 85 148 215
48 113 176 243
48 122 185 252
48 129 193 259
49 79 149 213
49 98 168 233
49 105 177 241
49 114 186 250
50 65 134 198
50 71 142 206
50 99 168 233
50 106 177 241
50 115 186 250
51 66 134 198
51 72 142 206
51 80 149 213
51 100 168 233
51 107 177 241
51 116 186 250
52 67 134 199
52 73 142 207
52 81 149 214
52 108 177 242
52 117 186 251
52 125 194 258
53 74 142 207
53 88 155 220
53 109 177 242
53 118 186 251
53 126 194 258
54 68 134 199
54 75 142 207
54 82 149 214
54 89 155 220
54 110 177 242
54 119 186 251
54 127 194 258
55 76 142 208
55 83 149 215
55 90 155 221
55 111 177 243
55 120 186 252
55 128 194 259
56 70 134 200
56 78 142 208
56 85 149 215
56 104 168 234
56 113 177 243
56 122 186 252
56 129 194 259
57 79 150 213
57 92 162 226
57 98 169 233
57 105 178 241
57 114 187 250
58 66 135 198
58 72 143 206
58 80 150 213
58 93 162 226
58 100 169 233
58 107 178 241
58 116 187 250
59 67 135 199
59 73 143 207
59 81 150 214
59 94 162 227
59 108 178 242
59 117 187 251
60 74 143 207
60 88 156 220
60 95 162 227
60 109 178 242
60 118 187 251
61 68 135 199
61 75 143 207
61 82 150 214
61 89 156 220
61 110 178 242
61 119 187 251
62 76 143 208
62 83 150 215
62 90 156 221
62 111 178 243
62 120 187 252
63 69 135 200
63 77 143 208
63 84 150 215
63 91 156 221
63 103 169 234
63 112 178 243
63 121 187 252
64 70 135 200
64 78 143 208
64 85 150 215
64 104 169 234
64 113 178 243
64 122 187 252