44 0 25
c3l1
c4l1
c1l2
c2l2
c4l2
c1l3
c3l3
c4l3
c1l4
c2l4
c3l4
c3n1
c4n1
c1n2
c1n3
c2n3
c3n3
c4n3
c1n4
c2n4
c3n4
c4n4
l2n1
l4n1
l3n2
l1n3
l2n3
l3n3
l4n3
l1n4
l2n4
l3n4
l4n4
b1n1
b3n1
b2n2
b0n3
b1n3
b2n3
b3n3
b0n4
b1n4
b2n4
b3n4
0 16 25 37
0 20 29 41
1 17 25 37
1 21 29 41
2 14 26 36
2 18 30 40
3 15 26 36
3 19 30 40
4 12 22 33
4 17 26 37
4 21 30 41
5 13 24 35
5 14 27 38
5 18 31 42
6 16 27 39
6 20 31 43
7 17 27 39
7 21 31 43
8 14 28 38
8 18 32 42
9 15 28 38
9 19 32 42
10 11 23 34
10 16 28 39
10 20 32 43
