200 0 154
c1l1
c2l1
c4l1
c6l1
c7l1
c8l1
c9l1
c4l2
c5l2
c6l2
c7l2
c9l2
c2l3
c5l3
c6l3
c8l3
c9l3
c2l4
c3l4
c4l4
c6l4
c7l4
c8l4
c1l5
c3l5
c5l5
c6l5
c7l5
c1l6
c4l6
c5l6
c7l6
c9l6
c1l7
c2l7
c3l7
c6l7
c8l7
c1l8
c2l8
c3l8
c5l8
c6l8
c7l8
c8l8
c3l9
c4l9
c5l9
c8l9
c9l9
c1n1
c3n1
c4n1
c6n1
c7n1
c8n1
c9n1
c3n2
c5n2
c6n2
c7n2
c8n2
c5n3
c6n3
c2n4
c3n4
c4n4
c5n4
c8n4
c9n4
c2n5
c5n5
c6n5
c7n5
c8n5
c9n5
c1n6
c2n6
c4n6
c6n6
c7n6
c9n6
c1n7
c3n7
c4n7
c5n7
c7n7
c8n7
c9n7
c1n8
c2n8
c4n8
c6n8
c7n8
c8n8
c1n9
c2n9
c3n9
c5n9
c6n9
l3n1
l4n1
l5n1
l6n1
l7n1
l8n1
l9n1
l1n2
l2n2
l4n2
l6n2
l8n2
l2n3
l4n3
l1n4
l3n4
l4n4
l5n4
l8n4
l9n4
l1n5
l5n5
l6n5
l7n5
l8n5
l9n5
l1n6
l2n6
l4n6
l5n6
l8n6
l9n6
l1n7
l2n7
l3n7
l4n7
l6n7
l7n7
l8n7
l1n8
l2n8
l3n8
l5n8
l7n8
l9n8
l1n9
l3n9
l6n9
l7n9
l8n9
b2n1
b3n1
b4n1
b5n1
b6n1
b7n1
b8n1
b1n2
b2n2
b3n2
b4n2
b8n2
b1n3
b4n3
b1n4
b2n4
b3n4
b5n4
b6n4
b7n4
b2n5
b4n5
b5n5
b6n5
b7n5
b8n5
b1n6
b2n6
b3n6
b4n6
b6n6
b8n6
b0n7
b1n7
b2n7
b4n7
b5n7
b6n7
b8n7
b0n8
b1n8
b2n8
b5n8
b6n8
b7n8
b0n9
b1n9
b3n9
b6n9
b7n9
0 82 132 182
0 89 139 189
0 95 145 195
1 90 139 189
1 96 145 195
2 66 114 164
2 78 126 176
2 84 132 183
2 91 139 190
3 59 107 157
3 79 126 176
3 92 139 190
3 99 145 196
4 60 107 158
4 73 120 170
4 80 126 177
4 86 132 184
4 93 139 191
5 61 107 158
5 68 114 165
5 74 120 170
5 87 132 184
5 94 139 191
6 69 114 165
6 75 120 170
6 81 126 177
6 88 132 184
7 78 127 176
7 84 133 183
7 91 140 190
8 58 108 157
8 62 112 162
8 85 133 183
9 59 108 157
9 63 112 162
9 79 127 176
9 92 140 190
10 60 108 158
10 80 127 177
10 86 133 184
10 93 140 191
11 81 127 177
11 88 133 184
12 90 141 189
12 96 146 195
13 67 115 164
13 85 134 183
13 98 146 196
14 92 141 190
14 99 146 196
15 55 100 150
15 68 115 165
15 87 134 184
15 94 141 191
16 56 100 150
16 69 115 165
16 88 134 184
17 64 116 166
17 77 128 178
18 51 101 151
18 57 109 159
18 65 116 166
19 52 101 152
19 78 128 179
19 84 135 185
20 53 101 152
20 59 109 160
20 63 113 163
20 79 128 179
21 54 101 153
21 86 135 186
22 55 101 153
22 68 116 167
22 87 135 186
23 50 102 151
23 76 129 178
24 51 102 151
24 65 117 166
25 71 121 171
26 53 102 152
26 72 121 171
26 79 129 179
27 54 102 153
27 73 121 172
27 93 142 192
28 50 103 151
28 95 147 197
29 52 103 152
29 84 136 185
30 58 110 160
30 71 122 171
30 85 136 185
31 54 103 153
31 73 122 172
31 86 136 186
32 56 103 153
32 75 122 172
32 88 136 186
33 50 104 154
33 82 137 187
33 89 143 193
33 95 148 198
34 70 123 173
34 90 143 193
34 96 148 198
35 51 104 154
35 83 137 187
35 97 148 198
36 53 104 155
36 72 123 174
36 92 143 194
36 99 148 199
37 55 104 156
37 74 123 175
37 87 137 188
38 50 105 154
38 76 130 180
38 82 138 187
38 95 149 198
39 64 118 168
39 70 124 173
39 77 130 180
39 96 149 198
40 51 105 154
40 65 118 168
40 83 138 187
40 97 149 198
41 67 118 169
41 71 124 174
41 98 149 199
42 53 105 155
42 72 124 174
42 99 149 199
43 54 105 156
43 60 111 161
43 73 124 175
43 80 130 181
43 86 138 188
44 55 105 156
44 61 111 161
44 74 124 175
44 87 138 188
45 51 106 154
45 65 119 168
46 52 106 155
46 66 119 169
46 91 144 194
47 67 119 169
47 71 125 174
48 55 106 156
48 74 125 175
49 56 106 156
49 75 125 175
49 81 131 181