284 0 504
c1l1
c2l1
c4l1
c6l1
c7l1
c8l1
c9l1
c4l2
c5l2
c6l2
c7l2
c9l2
c2l3
c5l3
c6l3
c8l3
c9l3
c1l4
c2l4
c3l4
c4l4
c5l4
c6l4
c7l4
c8l4
c9l4
c1l5
c2l5
c3l5
c4l5
c5l5
c6l5
c7l5
c8l5
c9l5
c1l6
c2l6
c3l6
c4l6
c5l6
c6l6
c7l6
c8l6
c9l6
c1l7
c2l7
c3l7
c4l7
c5l7
c6l7
c7l7
c8l7
c9l7
c1l8
c2l8
c3l8
c4l8
c5l8
c6l8
c7l8
c8l8
c9l8
c1l9
c2l9
c3l9
c4l9
c5l9
c6l9
c7l9
c8l9
c9l9
c1n1
c3n1
c4n1
c6n1
c7n1
c8n1
c9n1
c2n2
c3n2
c4n2
c5n2
c6n2
c7n2
c8n2
c9n2
c1n3
c2n3
c4n3
c5n3
c6n3
c8n3
c9n3
c2n4
c3n4
c4n4
c5n4
c6n4
c7n4
c8n4
c9n4
c1n5
c2n5
c5n5
c6n5
c7n5
c8n5
c9n5
c1n6
c2n6
c4n6
c5n6
c6n6
c7n6
c8n6
c9n6
c1n7
c2n7
c3n7
c4n7
c5n7
c6n7
c7n7
c8n7
c9n7
c1n8
c2n8
c3n8
c4n8
c5n8
c6n8
c7n8
c8n8
c9n8
c1n9
c2n9
c3n9
c4n9
c5n9
c6n9
c7n9
c9n9
l3n1
l4n1
l5n1
l6n1
l7n1
l8n1
l9n1
l1n2
l2n2
l4n2
l5n2
l6n2
l7n2
l8n2
l9n2
l2n3
l4n3
l5n3
l6n3
l7n3
l8n3
l9n3
l1n4
l3n4
l4n4
l5n4
l6n4
l7n4
l8n4
l9n4
l1n5
l4n5
l5n5
l6n5
l7n5
l8n5
l9n5
l1n6
l2n6
l4n6
l5n6
l6n6
l7n6
l8n6
l9n6
l1n7
l2n7
l3n7
l4n7
l5n7
l6n7
l7n7
l8n7
l9n7
l1n8
l2n8
l3n8
l4n8
l5n8
l6n8
l7n8
l8n8
l9n8
l1n9
l3n9
l4n9
l5n9
l6n9
l7n9
l8n9
l9n9
b2n1
b3n1
b4n1
b5n1
b6n1
b7n1
b8n1
b1n2
b2n2
b3n2
b4n2
b5n2
b6n2
b7n2
b8n2
b1n3
b3n3
b4n3
b5n3
b6n3
b7n3
b8n3
b1n4
b2n4
b3n4
b4n4
b5n4
b6n4
b7n4
b8n4
b2n5
b3n5
b4n5
b5n5
b6n5
b7n5
b8n5
b1n6
b2n6
b3n6
b4n6
b5n6
b6n6
b7n6
b8n6
b0n7
b1n7
b2n7
b3n7
b4n7
b5n7
b6n7
b7n7
b8n7
b0n8
b1n8
b2n8
b3n8
b4n8
b5n8
b6n8
b7n8
b8n8
b0n9
b1n9
b3n9
b4n9
b5n9
b6n9
b7n9
b8n9
0 116 187 258
0 125 196 267
0 134 205 276
1 117 187 258
1 126 196 267
1 135 205 276
2 80 149 220
2 95 164 235
2 110 179 250
2 119 187 259
2 128 196 268
2 137 205 277
3 82 149 220
3 97 164 235
3 112 179 250
3 121 187 259
3 130 196 268
3 139 205 277
4 83 149 221
4 98 164 236
4 105 172 243
4 113 179 251
4 122 187 260
4 131 196 269
5 84 149 221
5 99 164 236
5 106 172 243
5 114 179 251
5 123 187 260
5 132 196 269
6 85 149 221
6 100 164 236
6 107 172 243
6 115 179 251
6 124 187 260
6 133 196 269
7 80 150 220
7 88 157 228
7 110 180 250
7 119 188 259
7 128 197 268
8 81 150 220
8 89 157 228
8 111 180 250
8 120 188 259
8 129 197 268
9 82 150 220
9 90 157 228
9 112 180 250
9 121 188 259
9 130 197 268
10 83 150 221
10 113 180 251
10 122 188 260
10 131 197 269
11 85 150 221
11 115 180 251
11 124 188 260
11 133 197 269
12 117 189 258
12 126 198 267
12 135 206 276
13 96 165 235
13 120 189 259
13 129 198 268
13 138 206 277
14 97 165 235
14 121 189 259
14 130 198 268
14 139 206 277
15 76 142 213
15 99 165 236
15 123 189 260
15 132 198 269
16 77 142 213
16 100 165 236
16 124 189 260
16 133 198 269
17 71 143 214
17 86 158 229
17 101 173 244
17 108 181 252
17 116 190 261
17 125 199 270
17 134 207 278
18 78 151 222
18 87 158 229
18 93 166 237
18 102 173 244
18 109 181 252
18 117 190 261
18 126 199 270
18 135 207 278
19 72 143 214
19 79 151 222
19 94 166 237
19 118 190 261
19 127 199 270
19 136 207 278
20 73 143 215
20 80 151 223
20 88 158 230
20 95 166 238
20 110 181 253
20 119 190 262
20 128 199 271
20 137 207 279
21 81 151 223
21 89 158 230
21 96 166 238
21 103 173 245
21 111 181 253
21 120 190 262
21 129 199 271
21 138 207 279
22 74 143 215
22 82 151 223
22 90 158 230
22 97 166 238
22 104 173 245
22 112 181 253
22 121 190 262
22 130 199 271
22 139 207 279
23 75 143 216
23 83 151 224
23 98 166 239
23 105 173 246
23 113 181 254
23 122 190 263
23 131 199 272
23 140 207 280
24 76 143 216
24 84 151 224
24 91 158 231
24 99 166 239
24 106 173 246
24 114 181 254
24 123 190 263
24 132 199 272
25 77 143 216
25 85 151 224
25 92 158 231
25 100 166 239
25 107 173 246
25 115 181 254
25 124 190 263
25 133 199 272
25 141 207 280
26 71 144 214
26 86 159 229
26 101 174 244
26 108 182 252
26 116 191 261
26 125 200 270
26 134 208 278
27 78 152 222
27 87 159 229
27 93 167 237
27 102 174 244
27 109 182 252
27 117 191 261
27 126 200 270
27 135 208 278
28 72 144 214
28 79 152 222
28 94 167 237
28 118 191 261
28 127 200 270
28 136 208 278
29 73 144 215
29 80 152 223
29 88 159 230
29 95 167 238
29 110 182 253
29 119 191 262
29 128 200 271
29 137 208 279
30 81 152 223
30 89 159 230
30 96 167 238
30 103 174 245
30 111 182 253
30 120 191 262
30 129 200 271
30 138 208 279
31 74 144 215
31 82 152 223
31 90 159 230
31 97 167 238
31 104 174 245
31 112 182 253
31 121 191 262
31 130 200 271
31 139 208 279
32 75 144 216
32 83 152 224
32 98 167 239
32 105 174 246
32 113 182 254
32 122 191 263
32 131 200 272
32 140 208 280
33 76 144 216
33 84 152 224
33 91 159 231
33 99 167 239
33 106 174 246
33 114 182 254
33 123 191 263
33 132 200 272
34 77 144 216
34 85 152 224
34 92 159 231
34 100 167 239
34 107 174 246
34 115 182 254
34 124 191 263
34 133 200 272
34 141 208 280
35 71 145 214
35 86 160 229
35 101 175 244
35 108 183 252
35 116 192 261
35 125 201 270
35 134 209 278
36 78 153 222
36 87 160 229
36 93 168 237
36 102 175 244
36 109 183 252
36 117 192 261
36 126 201 270
36 135 209 278
37 72 145 214
37 79 153 222
37 94 168 237
37 118 192 261
37 127 201 270
37 136 209 278
38 73 145 215
38 80 153 223
38 88 160 230
38 95 168 238
38 110 183 253
38 119 192 262
38 128 201 271
38 137 209 279
39 81 153 223
39 89 160 230
39 96 168 238
39 103 175 245
39 111 183 253
39 120 192 262
39 129 201 271
39 138 209 279
40 74 145 215
40 82 153 223
40 90 160 230
40 97 168 238
40 104 175 245
40 112 183 253
40 121 192 262
40 130 201 271
40 139 209 279
41 75 145 216
41 83 153 224
41 98 168 239
41 105 175 246
41 113 183 254
41 122 192 263
41 131 201 272
41 140 209 280
42 76 145 216
42 84 153 224
42 91 160 231
42 99 168 239
42 106 175 246
42 114 183 254
42 123 192 263
42 132 201 272
43 77 145 216
43 85 153 224
43 92 160 231
43 100 168 239
43 107 175 246
43 115 183 254
43 124 192 263
43 133 201 272
43 141 209 280
44 71 146 217
44 86 161 232
44 101 176 247
44 108 184 255
44 116 193 264
44 125 202 273
44 134 210 281
45 78 154 225
45 87 161 232
45 93 169 240
45 102 176 247
45 109 184 255
45 117 193 264
45 126 202 273
45 135 210 281
46 72 146 217
46 79 154 225
46 94 169 240
46 118 193 264
46 127 202 273
46 136 210 281
47 73 146 218
47 80 154 226
47 88 161 233
47 95 169 241
47 110 184 256
47 119 193 265
47 128 202 274
47 137 210 282
48 81 154 226
48 89 161 233
48 96 169 241
48 103 176 248
48 111 184 256
48 120 193 265
48 129 202 274
48 138 210 282
49 74 146 218
49 82 154 226
49 90 161 233
49 97 169 241
49 104 176 248
49 112 184 256
49 121 193 265
49 130 202 274
49 139 210 282
50 75 146 219
50 83 154 227
50 98 169 242
50 105 176 249
50 113 184 257
50 122 193 266
50 131 202 275
50 140 210 283
51 76 146 219
51 84 154 227
51 91 161 234
51 99 169 242
51 106 176 249
51 114 184 257
51 123 193 266
51 132 202 275
52 77 146 219
52 85 154 227
52 92 161 234
52 100 169 242
52 107 176 249
52 115 184 257
52 124 193 266
52 133 202 275
52 141 210 283
53 71 147 217
53 86 162 232
53 101 177 247
53 108 185 255
53 116 194 264
53 125 203 273
53 134 211 281
54 78 155 225
54 87 162 232
54 93 170 240
54 102 177 247
54 109 185 255
54 117 194 264
54 126 203 273
54 135 211 281
55 72 147 217
55 79 155 225
55 94 170 240
55 118 194 264
55 127 203 273
55 136 211 281
56 73 147 218
56 80 155 226
56 88 162 233
56 95 170 241
56 110 185 256
56 119 194 265
56 128 203 274
56 137 211 282
57 81 155 226
57 89 162 233
57 96 170 241
57 103 177 248
57 111 185 256
57 120 194 265
57 129 203 274
57 138 211 282
58 74 147 218
58 82 155 226
58 90 162 233
58 97 170 241
58 104 177 248
58 112 185 256
58 121 194 265
58 130 203 274
58 139 211 282
59 75 147 219
59 83 155 227
59 98 170 242
59 105 177 249
59 113 185 257
59 122 194 266
59 131 203 275
59 140 211 283
60 76 147 219
60 84 155 227
60 91 162 234
60 99 170 242
60 106 177 249
60 114 185 257
60 123 194 266
60 132 203 275
61 77 147 219
61 85 155 227
61 92 162 234
61 100 170 242
61 107 177 249
61 115 185 257
61 124 194 266
61 133 203 275
61 141 211 283
62 71 148 217
62 86 163 232
62 101 178 247
62 108 186 255
62 116 195 264
62 125 204 273
62 134 212 281
63 78 156 225
63 87 163 232
63 93 171 240
63 102 178 247
63 109 186 255
63 117 195 264
63 126 204 273
63 135 212 281
64 72 148 217
64 79 156 225
64 94 171 240
64 118 195 264
64 127 204 273
64 136 212 281
65 73 148 218
65 80 156 226
65 88 163 233
65 95 171 241
65 110 186 256
65 119 195 265
65 128 204 274
65 137 212 282
66 81 156 226
66 89 163 233
66 96 171 241
66 103 178 248
66 111 186 256
66 120 195 265
66 129 204 274
66 138 212 282
67 74 148 218
67 82 156 226
67 90 163 233
67 97 171 241
67 104 178 248
67 112 186 256
67 121 195 265
67 130 204 274
67 139 212 282
68 75 148 219
68 83 156 227
68 98 171 242
68 105 178 249
68 113 186 257
68 122 195 266
68 131 204 275
68 140 212 283
69 76 148 219
69 84 156 227
69 91 163 234
69 99 171 242
69 106 178 249
69 114 186 257
69 123 195 266
69 132 204 275
70 77 148 219
70 85 156 227
70 92 163 234
70 100 171 242
70 107 178 249
70 115 186 257
70 124 195 266
70 133 204 275
70 141 212 283