264 0 398
c1l1
c2l1
c4l1
c6l1
c7l1
c8l1
c9l1
c4l2
c5l2
c6l2
c7l2
c9l2
c2l3
c5l3
c6l3
c8l3
c9l3
c2l4
c3l4
c4l4
c6l4
c7l4
c8l4
c1l5
c3l5
c5l5
c6l5
c7l5
c8l5
c9l5
c1l6
c2l6
c3l6
c4l6
c5l6
c6l6
c7l6
c8l6
c9l6
c1l7
c2l7
c3l7
c4l7
c5l7
c6l7
c7l7
c8l7
c9l7
c1l8
c2l8
c3l8
c4l8
c5l8
c6l8
c7l8
c8l8
c9l8
c1l9
c2l9
c3l9
c4l9
c5l9
c6l9
c7l9
c8l9
c9l9
c1n1
c3n1
c4n1
c6n1
c7n1
c8n1
c9n1
c2n2
c3n2
c4n2
c5n2
c6n2
c7n2
c8n2
c9n2
c1n3
c2n3
c4n3
c5n3
c6n3
c8n3
c9n3
c2n4
c3n4
c4n4
c5n4
c6n4
c7n4
c8n4
c9n4
c2n5
c5n5
c6n5
c7n5
c8n5
c9n5
c1n6
c2n6
c4n6
c5n6
c6n6
c7n6
c8n6
c9n6
c1n7
c3n7
c4n7
c5n7
c6n7
c7n7
c8n7
c9n7
c1n8
c2n8
c3n8
c4n8
c6n8
c7n8
c8n8
c9n8
c1n9
c2n9
c3n9
c5n9
c6n9
c7n9
l3n1
l4n1
l5n1
l6n1
l7n1
l8n1
l9n1
l1n2
l2n2
l4n2
l5n2
l6n2
l7n2
l8n2
l9n2
l2n3
l4n3
l5n3
l6n3
l7n3
l8n3
l9n3
l1n4
l3n4
l4n4
l5n4
l6n4
l7n4
l8n4
l9n4
l1n5
l5n5
l6n5
l7n5
l8n5
l9n5
l1n6
l2n6
l4n6
l5n6
l6n6
l7n6
l8n6
l9n6
l1n7
l2n7
l3n7
l4n7
l6n7
l7n7
l8n7
l9n7
l1n8
l2n8
l3n8
l5n8
l6n8
l7n8
l8n8
l9n8
l1n9
l3n9
l6n9
l7n9
l8n9
l9n9
b2n1
b3n1
b4n1
b5n1
b6n1
b7n1
b8n1
b1n2
b2n2
b3n2
b4n2
b5n2
b6n2
b7n2
b8n2
b1n3
b3n3
b4n3
b5n3
b6n3
b7n3
b8n3
b1n4
b2n4
b3n4
b4n4
b5n4
b6n4
b7n4
b8n4
b2n5
b4n5
b5n5
b6n5
b7n5
b8n5
b1n6
b2n6
b3n6
b4n6
b5n6
b6n6
b7n6
b8n6
b0n7
b1n7
b2n7
b4n7
b5n7
b6n7
b7n7
b8n7
b0n8
b1n8
b2n8
b3n8
b5n8
b6n8
b7n8
b8n8
b0n9
b1n9
b3n9
b6n9
b7n9
b8n9
0 110 176 242
0 118 184 250
0 126 192 258
1 119 184 250
1 127 192 258
2 75 139 205
2 90 154 220
2 104 168 234
2 112 176 243
2 121 184 251
3 77 139 205
3 92 154 220
3 106 168 234
3 114 176 243
3 122 184 251
3 130 192 259
4 78 139 206
4 93 154 221
4 99 162 228
4 107 168 235
4 115 176 244
4 123 184 252
5 79 139 206
5 94 154 221
5 100 162 228
5 108 168 235
5 116 176 244
5 124 184 252
6 80 139 206
6 95 154 221
6 101 162 228
6 109 168 235
6 117 176 244
6 125 184 252
7 75 140 205
7 83 147 213
7 104 169 234
7 112 177 243
7 121 185 251
8 76 140 205
8 84 147 213
8 105 169 234
8 113 177 243
9 77 140 205
9 85 147 213
9 106 169 234
9 114 177 243
9 122 185 251
10 78 140 206
10 107 169 235
10 115 177 244
10 123 185 252
11 80 140 206
11 109 169 235
11 117 177 244
11 125 185 252
12 119 186 250
12 127 193 258
13 91 155 220
13 113 178 243
13 129 193 259
14 92 155 220
14 114 178 243
14 122 186 251
14 130 193 259
15 71 132 198
15 94 155 221
15 116 178 244
15 124 186 252
16 72 132 198
16 95 155 221
16 117 178 244
16 125 186 252
17 73 141 207
17 82 148 214
17 88 156 222
17 103 170 236
18 67 133 199
18 74 141 207
18 89 156 222
19 68 133 200
19 75 141 208
19 83 148 215
19 90 156 223
19 104 170 237
19 112 179 245
20 69 133 200
20 77 141 208
20 85 148 215
20 92 156 223
20 106 170 237
20 114 179 245
21 70 133 201
21 78 141 209
21 93 156 224
21 107 170 238
21 115 179 246
22 71 133 201
22 79 141 209
22 86 148 216
22 94 156 224
22 108 170 238
22 116 179 246
23 66 134 199
23 81 149 214
23 102 171 236
23 118 187 253
24 67 134 199
24 74 142 207
24 89 157 222
24 120 187 253
25 76 142 208
25 84 149 215
25 91 157 223
25 97 163 229
25 105 171 237
26 69 134 200
26 77 142 208
26 85 149 215
26 92 157 223
26 98 163 229
26 106 171 237
27 70 134 201
27 78 142 209
27 93 157 224
27 99 163 230
27 107 171 238
27 123 187 254
28 71 134 201
28 79 142 209
28 86 149 216
28 94 157 224
28 100 163 230
28 108 171 238
28 124 187 254
29 72 134 201
29 80 142 209
29 87 149 216
29 95 157 224
29 101 163 230
29 109 171 238
29 125 187 254
30 66 135 199
30 81 150 214
30 102 172 236
30 118 188 253
30 126 194 260
31 73 143 207
31 82 150 214
31 88 158 222
31 103 172 236
31 119 188 253
31 127 194 260
32 67 135 199
32 74 143 207
32 89 158 222
32 120 188 253
32 128 194 260
33 68 135 200
33 75 143 208
33 83 150 215
33 90 158 223
33 104 172 237
33 112 180 245
34 76 143 208
34 84 150 215
34 91 158 223
34 97 164 229
34 105 172 237
34 113 180 245
35 69 135 200
35 77 143 208
35 85 150 215
35 92 158 223
35 98 164 229
35 106 172 237
35 114 180 245
36 70 135 201
36 78 143 209
36 93 158 224
36 99 164 230
36 107 172 238
36 115 180 246
36 123 188 254
37 71 135 201
37 79 143 209
37 86 150 216
37 94 158 224
37 100 164 230
37 108 172 238
37 116 180 246
37 124 188 254
38 72 135 201
38 80 143 209
38 87 150 216
38 95 158 224
38 101 164 230
38 109 172 238
38 117 180 246
38 125 188 254
39 66 136 202
39 81 151 217
39 102 173 239
39 110 181 247
39 118 189 255
39 126 195 261
40 73 144 210
40 82 151 217
40 88 159 225
40 96 165 231
40 103 173 239
40 119 189 255
40 127 195 261
41 67 136 202
41 74 144 210
41 89 159 225
41 111 181 247
41 120 189 255
41 128 195 261
42 68 136 203
42 75 144 211
42 83 151 218
42 90 159 226
42 104 173 240
42 112 181 248
42 121 189 256
43 76 144 211
43 84 151 218
43 91 159 226
43 97 165 232
43 105 173 240
43 113 181 248
43 129 195 262
44 69 136 203
44 77 144 211
44 85 151 218
44 92 159 226
44 98 165 232
44 106 173 240
44 114 181 248
44 122 189 256
44 130 195 262
45 70 136 204
45 78 144 212
45 93 159 227
45 99 165 233
45 107 173 241
45 115 181 249
45 123 189 257
45 131 195 263
46 71 136 204
46 79 144 212
46 86 151 219
46 94 159 227
46 100 165 233
46 108 173 241
46 116 181 249
46 124 189 257
47 72 136 204
47 80 144 212
47 87 151 219
47 95 159 227
47 101 165 233
47 109 173 241
47 117 181 249
47 125 189 257
48 66 137 202
48 81 152 217
48 102 174 239
48 110 182 247
48 118 190 255
48 126 196 261
49 73 145 210
49 82 152 217
49 88 160 225
49 96 166 231
49 103 174 239
49 119 190 255
49 127 196 261
50 67 137 202
50 74 145 210
50 89 160 225
50 111 182 247
50 120 190 255
50 128 196 261
51 68 137 203
51 75 145 211
51 83 152 218
51 90 160 226
51 104 174 240
51 112 182 248
51 121 190 256
52 76 145 211
52 84 152 218
52 91 160 226
52 97 166 232
52 105 174 240
52 113 182 248
52 129 196 262
53 69 137 203
53 77 145 211
53 85 152 218
53 92 160 226
53 98 166 232
53 106 174 240
53 114 182 248
53 122 190 256
53 130 196 262
54 70 137 204
54 78 145 212
54 93 160 227
54 99 166 233
54 107 174 241
54 115 182 249
54 123 190 257
54 131 196 263
55 71 137 204
55 79 145 212
55 86 152 219
55 94 160 227
55 100 166 233
55 108 174 241
55 116 182 249
55 124 190 257
56 72 137 204
56 80 145 212
56 87 152 219
56 95 160 227
56 101 166 233
56 109 174 241
56 117 182 249
56 125 190 257
57 66 138 202
57 81 153 217
57 102 175 239
57 110 183 247
57 118 191 255
57 126 197 261
58 73 146 210
58 82 153 217
58 88 161 225
58 96 167 231
58 103 175 239
58 119 191 255
58 127 197 261
59 67 138 202
59 74 146 210
59 89 161 225
59 111 183 247
59 120 191 255
59 128 197 261
60 68 138 203
60 75 146 211
60 83 153 218
60 90 161 226
60 104 175 240
60 112 183 248
60 121 191 256
61 76 146 211
61 84 153 218
61 91 161 226
61 97 167 232
61 105 175 240
61 113 183 248
61 129 197 262
62 69 138 203
62 77 146 211
62 85 153 218
62 92 161 226
62 98 167 232
62 106 175 240
62 114 183 248
62 122 191 256
62 130 197 262
63 70 138 204
63 78 146 212
63 93 161 227
63 99 167 233
63 107 175 241
63 115 183 249
63 123 191 257
63 131 197 263
64 71 138 204
64 79 146 212
64 86 153 219
64 94 161 227
64 100 167 233
64 108 175 241
64 116 183 249
64 124 191 257
65 72 138 204
65 80 146 212
65 87 153 219
65 95 161 227
65 101 167 233
65 109 175 241
65 117 183 249
65 125 191 257