320 0 700
c1l1
c2l1
c3l1
c4l1
c5l1
c6l1
c8l1
c9l1
c1l2
c2l2
c3l2
c4l2
c5l2
c6l2
c7l2
c8l2
c9l2
c1l3
c2l3
c3l3
c4l3
c5l3
c6l3
c7l3
c8l3
c9l3
c1l4
c2l4
c3l4
c4l4
c5l4
c6l4
c7l4
c8l4
c9l4
c1l5
c2l5
c3l5
c4l5
c5l5
c6l5
c7l5
c8l5
c9l5
c1l6
c2l6
c3l6
c4l6
c5l6
c6l6
c7l6
c8l6
c9l6
c1l7
c2l7
c3l7
c4l7
c5l7
c6l7
c7l7
c8l7
c9l7
c1l8
c2l8
c3l8
c4l8
c5l8
c6l8
c7l8
c8l8
c9l8
c1l9
c2l9
c3l9
c4l9
c5l9
c6l9
c7l9
c8l9
c9l9
c1n1
c2n1
c3n1
c4n1
c5n1
c6n1
c7n1
c8n1
c9n1
c1n2
c2n2
c3n2
c4n2
c5n2
c6n2
c7n2
c8n2
c9n2
c1n3
c2n3
c3n3
c4n3
c5n3
c6n3
c8n3
c9n3
c1n4
c2n4
c3n4
c4n4
c5n4
c6n4
c7n4
c8n4
c9n4
c1n5
c2n5
c3n5
c4n5
c5n5
c6n5
c7n5
c8n5
c9n5
c1n6
c2n6
c3n6
c4n6
c5n6
c6n6
c7n6
c8n6
c9n6
c1n7
c2n7
c3n7
c4n7
c5n7
c6n7
c7n7
c8n7
c9n7
c1n8
c2n8
c3n8
c4n8
c5n8
c6n8
c7n8
c8n8
c9n8
c1n9
c2n9
c3n9
c4n9
c5n9
c6n9
c7n9
c8n9
c9n9
l1n1
l2n1
l3n1
l4n1
l5n1
l6n1
l7n1
l8n1
l9n1
l1n2
l2n2
l3n2
l4n2
l5n2
l6n2
l7n2
l8n2
l9n2
l2n3
l3n3
l4n3
l5n3
l6n3
l7n3
l8n3
l9n3
l1n4
l2n4
l3n4
l4n4
l5n4
l6n4
l7n4
l8n4
l9n4
l1n5
l2n5
l3n5
l4n5
l5n5
l6n5
l7n5
l8n5
l9n5
l1n6
l2n6
l3n6
l4n6
l5n6
l6n6
l7n6
l8n6
l9n6
l1n7
l2n7
l3n7
l4n7
l5n7
l6n7
l7n7
l8n7
l9n7
l1n8
l2n8
l3n8
l4n8
l5n8
l6n8
l7n8
l8n8
l9n8
l1n9
l2n9
l3n9
l4n9
l5n9
l6n9
l7n9
l8n9
l9n9
b0n1
b1n1
b2n1
b3n1
b4n1
b5n1
b6n1
b7n1
b8n1
b0n2
b1n2
b2n2
b3n2
b4n2
b5n2
b6n2
b7n2
b8n2
b0n3
b1n3
b3n3
b4n3
b5n3
b6n3
b7n3
b8n3
b0n4
b1n4
b2n4
b3n4
b4n4
b5n4
b6n4
b7n4
b8n4
b0n5
b1n5
b2n5
b3n5
b4n5
b5n5
b6n5
b7n5
b8n5
b0n6
b1n6
b2n6
b3n6
b4n6
b5n6
b6n6
b7n6
b8n6
b0n7
b1n7
b2n7
b3n7
b4n7
b5n7
b6n7
b7n7
b8n7
b0n8
b1n8
b2n8
b3n8
b4n8
b5n8
b6n8
b7n8
b8n8
b0n9
b1n9
b2n9
b3n9
b4n9
b5n9
b6n9
b7n9
b8n9
0 80 160 240
0 89 169 249
0 106 186 266
0 115 195 275
0 124 204 284
0 133 213 293
0 142 222 302
0 151 231 311
1 81 160 240
1 90 169 249
1 107 186 266
1 116 195 275
1 125 204 284
1 134 213 293
1 143 222 302
1 152 231 311
2 82 160 240
2 91 169 249
2 108 186 266
2 117 195 275
2 126 204 284
2 135 213 293
2 144 222 302
2 153 231 311
3 83 160 241
3 92 169 250
3 109 186 267
3 118 195 276
3 127 204 285
3 136 213 294
3 145 222 303
3 154 231 312
4 84 160 241
4 93 169 250
4 110 186 267
4 119 195 276
4 128 204 285
4 137 213 294
4 146 222 303
4 155 231 312
5 85 160 241
5 94 169 250
5 111 186 267
5 120 195 276
5 129 204 285
5 138 213 294
5 147 222 303
5 156 231 312
6 87 160 242
6 96 169 251
6 113 186 268
6 122 195 277
6 131 204 286
6 140 213 295
6 149 222 304
6 158 231 313
7 88 160 242
7 97 169 251
7 114 186 268
7 123 195 277
7 132 204 286
7 141 213 295
7 150 222 304
7 159 231 313
8 80 161 240
8 89 170 249
8 98 178 258
8 106 187 266
8 115 196 275
8 124 205 284
8 133 214 293
8 142 223 302
8 151 232 311
9 81 161 240
9 90 170 249
9 99 178 258
9 107 187 266
9 116 196 275
9 125 205 284
9 134 214 293
9 143 223 302
9 152 232 311
10 82 161 240
10 91 170 249
10 100 178 258
10 108 187 266
10 117 196 275
10 126 205 284
10 135 214 293
10 144 223 302
10 153 232 311
11 83 161 241
11 92 170 250
11 101 178 259
11 109 187 267
11 118 196 276
11 127 205 285
11 136 214 294
11 145 223 303
11 154 232 312
12 84 161 241
12 93 170 250
12 102 178 259
12 110 187 267
12 119 196 276
12 128 205 285
12 137 214 294
12 146 223 303
12 155 232 312
13 85 161 241
13 94 170 250
13 103 178 259
13 111 187 267
13 120 196 276
13 129 205 285
13 138 214 294
13 147 223 303
13 156 232 312
14 86 161 242
14 95 170 251
14 112 187 268
14 121 196 277
14 130 205 286
14 139 214 295
14 148 223 304
14 157 232 313
15 87 161 242
15 96 170 251
15 113 187 268
15 122 196 277
15 131 205 286
15 140 214 295
15 149 223 304
15 158 232 313
16 88 161 242
16 97 170 251
16 114 187 268
16 123 196 277
16 132 205 286
16 141 214 295
16 150 223 304
16 159 232 313
17 80 162 240
17 89 171 249
17 98 179 258
17 106 188 266
17 115 197 275
17 124 206 284
17 133 215 293
17 142 224 302
17 151 233 311
18 81 162 240
18 90 171 249
18 99 179 258
18 107 188 266
18 116 197 275
18 125 206 284
18 134 215 293
18 143 224 302
18 152 233 311
19 82 162 240
19 91 171 249
19 100 179 258
19 108 188 266
19 117 197 275
19 126 206 284
19 135 215 293
19 144 224 302
19 153 233 311
20 83 162 241
20 92 171 250
20 101 179 259
20 109 188 267
20 118 197 276
20 127 206 285
20 136 215 294
20 145 224 303
20 154 233 312
21 84 162 241
21 93 171 250
21 102 179 259
21 110 188 267
21 119 197 276
21 128 206 285
21 137 215 294
21 146 224 303
21 155 233 312
22 85 162 241
22 94 171 250
22 103 179 259
22 111 188 267
22 120 197 276
22 129 206 285
22 138 215 294
22 147 224 303
22 156 233 312
23 86 162 242
23 95 171 251
23 112 188 268
23 121 197 277
23 130 206 286
23 139 215 295
23 148 224 304
23 157 233 313
24 87 162 242
24 96 171 251
24 113 188 268
24 122 197 277
24 131 206 286
24 140 215 295
24 149 224 304
24 158 233 313
25 88 162 242
25 97 171 251
25 114 188 268
25 123 197 277
25 132 206 286
25 141 215 295
25 150 224 304
25 159 233 313
26 80 163 243
26 89 172 252
26 98 180 260
26 106 189 269
26 115 198 278
26 124 207 287
26 133 216 296
26 142 225 305
26 151 234 314
27 81 163 243
27 90 172 252
27 99 180 260
27 107 189 269
27 116 198 278
27 125 207 287
27 134 216 296
27 143 225 305
27 152 234 314
28 82 163 243
28 91 172 252
28 100 180 260
28 108 189 269
28 117 198 278
28 126 207 287
28 135 216 296
28 144 225 305
28 153 234 314
29 83 163 244
29 92 172 253
29 101 180 261
29 109 189 270
29 118 198 279
29 127 207 288
29 136 216 297
29 145 225 306
29 154 234 315
30 84 163 244
30 93 172 253
30 102 180 261
30 110 189 270
30 119 198 279
30 128 207 288
30 137 216 297
30 146 225 306
30 155 234 315
31 85 163 244
31 94 172 253
31 103 180 261
31 111 189 270
31 120 198 279
31 129 207 288
31 138 216 297
31 147 225 306
31 156 234 315
32 86 163 245
32 95 172 254
32 112 189 271
32 121 198 280
32 130 207 289
32 139 216 298
32 148 225 307
32 157 234 316
33 87 163 245
33 96 172 254
33 104 180 262
33 113 189 271
33 122 198 280
33 131 207 289
33 140 216 298
33 149 225 307
33 158 234 316
34 88 163 245
34 97 172 254
34 105 180 262
34 114 189 271
34 123 198 280
34 132 207 289
34 141 216 298
34 150 225 307
34 159 234 316
35 80 164 243
35 89 173 252
35 98 181 260
35 106 190 269
35 115 199 278
35 124 208 287
35 133 217 296
35 142 226 305
35 151 235 314
36 81 164 243
36 90 173 252
36 99 181 260
36 107 190 269
36 116 199 278
36 125 208 287
36 134 217 296
36 143 226 305
36 152 235 314
37 82 164 243
37 91 173 252
37 100 181 260
37 108 190 269
37 117 199 278
37 126 208 287
37 135 217 296
37 144 226 305
37 153 235 314
38 83 164 244
38 92 173 253
38 101 181 261
38 109 190 270
38 118 199 279
38 127 208 288
38 136 217 297
38 145 226 306
38 154 235 315
39 84 164 244
39 93 173 253
39 102 181 261
39 110 190 270
39 119 199 279
39 128 208 288
39 137 217 297
39 146 226 306
39 155 235 315
40 85 164 244
40 94 173 253
40 103 181 261
40 111 190 270
40 120 199 279
40 129 208 288
40 138 217 297
40 147 226 306
40 156 235 315
41 86 164 245
41 95 173 254
41 112 190 271
41 121 199 280
41 130 208 289
41 139 217 298
41 148 226 307
41 157 235 316
42 87 164 245
42 96 173 254
42 104 181 262
42 113 190 271
42 122 199 280
42 131 208 289
42 140 217 298
42 149 226 307
42 158 235 316
43 88 164 245
43 97 173 254
43 105 181 262
43 114 190 271
43 123 199 280
43 132 208 289
43 141 217 298
43 150 226 307
43 159 235 316
44 80 165 243
44 89 174 252
44 98 182 260
44 106 191 269
44 115 200 278
44 124 209 287
44 133 218 296
44 142 227 305
44 151 236 314
45 81 165 243
45 90 174 252
45 99 182 260
45 107 191 269
45 116 200 278
45 125 209 287
45 134 218 296
45 143 227 305
45 152 236 314
46 82 165 243
46 91 174 252
46 100 182 260
46 108 191 269
46 117 200 278
46 126 209 287
46 135 218 296
46 144 227 305
46 153 236 314
47 83 165 244
47 92 174 253
47 101 182 261
47 109 191 270
47 118 200 279
47 127 209 288
47 136 218 297
47 145 227 306
47 154 236 315
48 84 165 244
48 93 174 253
48 102 182 261
48 110 191 270
48 119 200 279
48 128 209 288
48 137 218 297
48 146 227 306
48 155 236 315
49 85 165 244
49 94 174 253
49 103 182 261
49 111 191 270
49 120 200 279
49 129 209 288
49 138 218 297
49 147 227 306
49 156 236 315
50 86 165 245
50 95 174 254
50 112 191 271
50 121 200 280
50 130 209 289
50 139 218 298
50 148 227 307
50 157 236 316
51 87 165 245
51 96 174 254
51 104 182 262
51 113 191 271
51 122 200 280
51 131 209 289
51 140 218 298
51 149 227 307
51 158 236 316
52 88 165 245
52 97 174 254
52 105 182 262
52 114 191 271
52 123 200 280
52 132 209 289
52 141 218 298
52 150 227 307
52 159 236 316
53 80 166 246
53 89 175 255
53 98 183 263
53 106 192 272
53 115 201 281
53 124 210 290
53 133 219 299
53 142 228 308
53 151 237 317
54 81 166 246
54 90 175 255
54 99 183 263
54 107 192 272
54 116 201 281
54 125 210 290
54 134 219 299
54 143 228 308
54 152 237 317
55 82 166 246
55 91 175 255
55 100 183 263
55 108 192 272
55 117 201 281
55 126 210 290
55 135 219 299
55 144 228 308
55 153 237 317
56 83 166 247
56 92 175 256
56 101 183 264
56 109 192 273
56 118 201 282
56 127 210 291
56 136 219 300
56 145 228 309
56 154 237 318
57 84 166 247
57 93 175 256
57 102 183 264
57 110 192 273
57 119 201 282
57 128 210 291
57 137 219 300
57 146 228 309
57 155 237 318
58 85 166 247
58 94 175 256
58 103 183 264
58 111 192 273
58 120 201 282
58 129 210 291
58 138 219 300
58 147 228 309
58 156 237 318
59 86 166 248
59 95 175 257
59 112 192 274
59 121 201 283
59 130 210 292
59 139 219 301
59 148 228 310
59 157 237 319
60 87 166 248
60 96 175 257
60 104 183 265
60 113 192 274
60 122 201 283
60 131 210 292
60 140 219 301
60 149 228 310
60 158 237 319
61 88 166 248
61 97 175 257
61 105 183 265
61 114 192 274
61 123 201 283
61 132 210 292
61 141 219 301
61 150 228 310
61 159 237 319
62 80 167 246
62 89 176 255
62 98 184 263
62 106 193 272
62 115 202 281
62 124 211 290
62 133 220 299
62 142 229 308
62 151 238 317
63 81 167 246
63 90 176 255
63 99 184 263
63 107 193 272
63 116 202 281
63 125 211 290
63 134 220 299
63 143 229 308
63 152 238 317
64 82 167 246
64 91 176 255
64 100 184 263
64 108 193 272
64 117 202 281
64 126 211 290
64 135 220 299
64 144 229 308
64 153 238 317
65 83 167 247
65 92 176 256
65 101 184 264
65 109 193 273
65 118 202 282
65 127 211 291
65 136 220 300
65 145 229 309
65 154 238 318
66 84 167 247
66 93 176 256
66 102 184 264
66 110 193 273
66 119 202 282
66 128 211 291
66 137 220 300
66 146 229 309
66 155 238 318
67 85 167 247
67 94 176 256
67 103 184 264
67 111 193 273
67 120 202 282
67 129 211 291
67 138 220 300
67 147 229 309
67 156 238 318
68 86 167 248
68 95 176 257
68 112 193 274
68 121 202 283
68 130 211 292
68 139 220 301
68 148 229 310
68 157 238 319
69 87 167 248
69 96 176 257
69 104 184 265
69 113 193 274
69 122 202 283
69 131 211 292
69 140 220 301
69 149 229 310
69 158 238 319
70 88 167 248
70 97 176 257
70 105 184 265
70 114 193 274
70 123 202 283
70 132 211 292
70 141 220 301
70 150 229 310
70 159 238 319
71 80 168 246
71 89 177 255
71 98 185 263
71 106 194 272
71 115 203 281
71 124 212 290
71 133 221 299
71 142 230 308
71 151 239 317
72 81 168 246
72 90 177 255
72 99 185 263
72 107 194 272
72 116 203 281
72 125 212 290
72 134 221 299
72 143 230 308
72 152 239 317
73 82 168 246
73 91 177 255
73 100 185 263
73 108 194 272
73 117 203 281
73 126 212 290
73 135 221 299
73 144 230 308
73 153 239 317
74 83 168 247
74 92 177 256
74 101 185 264
74 109 194 273
74 118 203 282
74 127 212 291
74 136 221 300
74 145 230 309
74 154 239 318
75 84 168 247
75 93 177 256
75 102 185 264
75 110 194 273
75 119 203 282
75 128 212 291
75 137 221 300
75 146 230 309
75 155 239 318
76 85 168 247
76 94 177 256
76 103 185 264
76 111 194 273
76 120 203 282
76 129 212 291
76 138 221 300
76 147 230 309
76 156 239 318
77 86 168 248
77 95 177 257
77 112 194 274
77 121 203 283
77 130 212 292
77 139 221 301
77 148 230 310
77 157 239 319
78 87 168 248
78 96 177 257
78 104 185 265
78 113 194 274
78 122 203 283
78 131 212 292
78 140 221 301
78 149 230 310
78 158 239 319
79 88 168 248
79 97 177 257
79 105 185 265
79 114 194 274
79 123 203 283
79 132 212 292
79 141 221 301
79 150 230 310
79 159 239 319