276 0 421
c1l1
c3l1
c4l1
c6l1
c7l1
c8l1
c9l1
c1l2
c2l2
c3l2
c5l2
c6l2
c8l2
c9l2
c1l3
c3l3
c4l3
c5l3
c6l3
c7l3
c9l3
c2l4
c3l4
c4l4
c5l4
c6l4
c8l4
c1l5
c2l5
c3l5
c4l5
c7l5
c8l5
c9l5
c2l6
c3l6
c4l6
c5l6
c6l6
c7l6
c8l6
c9l6
c1l7
c2l7
c3l7
c4l7
c5l7
c6l7
c7l7
c8l7
c9l7
c1l8
c2l8
c3l8
c4l8
c5l8
c6l8
c7l8
c8l8
c9l8
c1l9
c2l9
c3l9
c4l9
c5l9
c6l9
c7l9
c8l9
c9l9
c2n1
c3n1
c4n1
c6n1
c8n1
c9n1
c2n2
c3n2
c4n2
c5n2
c6n2
c7n2
c8n2
c9n2
c1n3
c3n3
c4n3
c6n3
c7n3
c8n3
c9n3
c1n4
c2n4
c3n4
c5n4
c6n4
c7n4
c8n4
c1n5
c3n5
c4n5
c5n5
c7n5
c8n5
c9n5
c1n6
c2n6
c3n6
c4n6
c5n6
c6n6
c8n6
c9n6
c1n7
c2n7
c3n7
c4n7
c5n7
c6n7
c7n7
c8n7
c9n7
c1n8
c2n8
c3n8
c4n8
c5n8
c6n8
c7n8
c8n8
c9n8
c1n9
c2n9
c3n9
c4n9
c5n9
c6n9
c7n9
c9n9
l3n1
l4n1
l5n1
l7n1
l8n1
l9n1
l1n2
l2n2
l3n2
l5n2
l6n2
l7n2
l8n2
l9n2
l2n3
l3n3
l4n3
l6n3
l7n3
l8n3
l9n3
l1n4
l3n4
l5n4
l6n4
l7n4
l8n4
l9n4
l1n5
l2n5
l4n5
l6n5
l7n5
l8n5
l9n5
l1n6
l2n6
l3n6
l5n6
l6n6
l7n6
l8n6
l9n6
l1n7
l2n7
l3n7
l4n7
l5n7
l6n7
l7n7
l8n7
l9n7
l1n8
l2n8
l3n8
l4n8
l5n8
l6n8
l7n8
l8n8
l9n8
l1n9
l2n9
l4n9
l5n9
l6n9
l7n9
l8n9
l9n9
b0n1
b4n1
b5n1
b6n1
b7n1
b8n1
b0n2
b1n2
b2n2
b4n2
b5n2
b6n2
b7n2
b8n2
b1n3
b2n3
b3n3
b5n3
b6n3
b7n3
b8n3
b0n4
b2n4
b3n4
b4n4
b6n4
b7n4
b8n4
b1n5
b2n5
b3n5
b5n5
b6n5
b7n5
b8n5
b0n6
b1n6
b2n6
b3n6
b4n6
b6n6
b7n6
b8n6
b0n7
b1n7
b2n7
b3n7
b4n7
b5n7
b6n7
b7n7
b8n7
b0n8
b1n8
b2n8
b3n8
b4n8
b5n8
b6n8
b7n8
b8n8
b0n9
b1n9
b3n9
b4n9
b5n9
b6n9
b7n9
b8n9
0 90 159 228
0 104 173 242
0 112 181 250
0 121 190 259
0 130 199 268
1 76 144 213
1 92 159 228
1 106 173 242
1 114 181 250
1 123 190 259
1 132 199 268
2 77 144 214
2 99 166 235
2 107 173 243
2 115 181 251
2 124 190 260
2 133 199 269
3 79 144 214
3 109 173 243
3 117 181 251
3 126 190 260
3 135 199 269
4 80 144 215
4 95 159 229
4 101 166 236
4 118 181 252
4 127 190 261
5 81 144 215
5 96 159 229
5 102 166 236
5 110 173 244
5 119 181 252
5 128 190 261
6 82 144 215
6 103 166 236
6 111 173 244
6 120 181 252
6 129 190 261
7 104 174 242
7 112 182 250
7 121 191 259
7 130 200 268
8 75 145 213
8 105 174 242
8 113 182 250
8 122 191 259
8 131 200 268
9 76 145 213
9 106 174 242
9 114 182 250
9 123 191 259
9 132 200 268
10 78 145 214
10 100 167 235
10 108 174 243
10 116 182 251
10 125 191 260
10 134 200 269
11 79 145 214
11 86 152 221
11 109 174 243
11 117 182 251
11 126 191 260
11 135 200 269
12 81 145 215
12 88 152 222
12 102 167 236
12 110 174 244
12 119 182 252
12 128 191 261
13 82 145 215
13 89 152 222
13 103 167 236
13 111 174 244
13 120 182 252
13 129 191 261
14 90 160 228
14 104 175 242
14 112 183 250
14 121 192 259
15 70 138 207
15 76 146 213
15 92 160 228
15 106 175 242
15 114 183 250
15 123 192 259
16 77 146 214
16 85 153 221
16 107 175 243
16 115 183 251
16 124 192 260
17 78 146 214
17 108 175 243
17 116 183 251
17 125 192 260
18 79 146 214
18 86 153 221
18 109 175 243
18 117 183 251
18 126 192 260
19 80 146 215
19 87 153 222
19 95 160 229
19 118 183 252
19 127 192 261
20 82 146 215
20 89 153 222
20 111 175 244
20 120 183 252
20 129 192 261
21 113 184 253
21 122 193 262
21 131 201 270
22 84 154 223
22 98 168 237
22 114 184 253
22 123 193 262
22 132 201 270
23 71 139 208
23 115 184 254
23 124 193 263
23 133 201 271
24 116 184 254
24 125 193 263
24 134 201 271
25 72 139 208
25 117 184 254
25 126 193 263
25 135 201 271
26 73 139 209
26 88 154 224
26 102 168 238
26 119 184 255
26 128 193 264
27 90 161 230
27 104 176 245
27 112 185 253
27 121 194 262
27 130 202 270
28 91 161 230
28 105 176 245
28 113 185 253
28 122 194 262
28 131 202 270
29 92 161 230
29 106 176 245
29 114 185 253
29 123 194 262
29 132 202 270
30 71 140 208
30 77 147 216
30 107 176 246
30 115 185 254
30 124 194 263
30 133 202 271
31 80 147 217
31 118 185 255
31 127 194 264
31 136 202 272
32 73 140 209
32 81 147 217
32 119 185 255
32 128 194 264
33 74 140 209
33 82 147 217
33 120 185 255
33 129 194 264
33 137 202 272
34 91 162 230
34 105 177 245
34 113 186 253
34 122 195 262
34 131 203 270
35 84 155 223
35 92 162 230
35 98 169 237
35 106 177 245
35 114 186 253
35 123 195 262
35 132 203 270
36 77 148 216
36 107 177 246
36 115 186 254
36 124 195 263
36 133 203 271
37 78 148 216
37 93 162 231
37 108 177 246
37 116 186 254
37 125 195 263
37 134 203 271
38 79 148 216
38 94 162 231
38 109 177 246
38 117 186 254
38 126 195 263
38 135 203 271
39 80 148 217
39 87 155 224
39 101 169 238
39 118 186 255
39 127 195 264
39 136 203 272
40 81 148 217
40 88 155 224
40 102 169 238
40 119 186 255
40 128 195 264
41 82 148 217
41 89 155 224
41 103 169 238
41 120 186 255
41 129 195 264
41 137 203 272
42 83 156 225
42 90 163 232
42 97 170 239
42 104 178 247
42 112 187 256
42 121 196 265
42 130 204 273
43 69 141 210
43 75 149 218
43 91 163 232
43 105 178 247
43 113 187 256
43 122 196 265
43 131 204 273
44 70 141 210
44 76 149 218
44 84 156 225
44 92 163 232
44 98 170 239
44 106 178 247
44 114 187 256
44 123 196 265
44 132 204 273
45 71 141 211
45 77 149 219
45 85 156 226
45 99 170 240
45 107 178 248
45 115 187 257
45 124 196 266
45 133 204 274
46 78 149 219
46 93 163 233
46 100 170 240
46 108 178 248
46 116 187 257
46 125 196 266
46 134 204 274
47 72 141 211
47 79 149 219
47 86 156 226
47 94 163 233
47 109 178 248
47 117 187 257
47 126 196 266
47 135 204 274
48 80 149 220
48 87 156 227
48 95 163 234
48 101 170 241
48 118 187 258
48 127 196 267
48 136 204 275
49 73 141 212
49 81 149 220
49 88 156 227
49 96 163 234
49 102 170 241
49 110 178 249
49 119 187 258
49 128 196 267
50 74 141 212
50 82 149 220
50 89 156 227
50 103 170 241
50 111 178 249
50 120 187 258
50 129 196 267
50 137 204 275
51 83 157 225
51 90 164 232
51 97 171 239
51 104 179 247
51 112 188 256
51 121 197 265
51 130 205 273
52 69 142 210
52 75 150 218
52 91 164 232
52 105 179 247
52 113 188 256
52 122 197 265
52 131 205 273
53 70 142 210
53 76 150 218
53 84 157 225
53 92 164 232
53 98 171 239
53 106 179 247
53 114 188 256
53 123 197 265
53 132 205 273
54 71 142 211
54 77 150 219
54 85 157 226
54 99 171 240
54 107 179 248
54 115 188 257
54 124 197 266
54 133 205 274
55 78 150 219
55 93 164 233
55 100 171 240
55 108 179 248
55 116 188 257
55 125 197 266
55 134 205 274
56 72 142 211
56 79 150 219
56 86 157 226
56 94 164 233
56 109 179 248
56 117 188 257
56 126 197 266
56 135 205 274
57 80 150 220
57 87 157 227
57 95 164 234
57 101 171 241
57 118 188 258
57 127 197 267
57 136 205 275
58 73 142 212
58 81 150 220
58 88 157 227
58 96 164 234
58 102 171 241
58 110 179 249
58 119 188 258
58 128 197 267
59 74 142 212
59 82 150 220
59 89 157 227
59 103 171 241
59 111 179 249
59 120 188 258
59 129 197 267
59 137 205 275
60 83 158 225
60 90 165 232
60 97 172 239
60 104 180 247
60 112 189 256
60 121 198 265
60 130 206 273
61 69 143 210
61 75 151 218
61 91 165 232
61 105 180 247
61 113 189 256
61 122 198 265
61 131 206 273
62 70 143 210
62 76 151 218
62 84 158 225
62 92 165 232
62 98 172 239
62 106 180 247
62 114 189 256
62 123 198 265
62 132 206 273
63 71 143 211
63 77 151 219
63 85 158 226
63 99 172 240
63 107 180 248
63 115 189 257
63 124 198 266
63 133 206 274
64 78 151 219
64 93 165 233
64 100 172 240
64 108 180 248
64 116 189 257
64 125 198 266
64 134 206 274
65 72 143 211
65 79 151 219
65 86 158 226
65 94 165 233
65 109 180 248
65 117 189 257
65 126 198 266
65 135 206 274
66 80 151 220
66 87 158 227
66 95 165 234
66 101 172 241
66 118 189 258
66 127 198 267
66 136 206 275
67 73 143 212
67 81 151 220
67 88 158 227
67 96 165 234
67 102 172 241
67 110 180 249
67 119 189 258
67 128 198 267
68 74 143 212
68 82 151 220
68 89 158 227
68 103 172 241
68 111 180 249
68 120 189 258
68 129 198 267
68 137 206 275