288 0 521
c1l1
c2l1
c4l1
c6l1
c7l1
c8l1
c9l1
c4l2
c5l2
c6l2
c7l2
c9l2
c2l3
c5l3
c6l3
c7l3
c8l3
c9l3
c1l4
c2l4
c3l4
c4l4
c5l4
c6l4
c7l4
c8l4
c9l4
c1l5
c2l5
c3l5
c4l5
c5l5
c6l5
c7l5
c8l5
c9l5
c1l6
c2l6
c3l6
c4l6
c5l6
c6l6
c7l6
c8l6
c9l6
c1l7
c2l7
c3l7
c4l7
c5l7
c6l7
c7l7
c8l7
c9l7
c1l8
c2l8
c3l8
c4l8
c5l8
c6l8
c7l8
c8l8
c9l8
c1l9
c2l9
c3l9
c4l9
c5l9
c6l9
c7l9
c8l9
c9l9
c1n1
c3n1
c4n1
c6n1
c7n1
c8n1
c9n1
c2n2
c3n2
c4n2
c5n2
c6n2
c7n2
c8n2
c9n2
c1n3
c2n3
c4n3
c5n3
c6n3
c7n3
c8n3
c9n3
c2n4
c3n4
c4n4
c5n4
c6n4
c7n4
c8n4
c9n4
c1n5
c2n5
c5n5
c6n5
c7n5
c8n5
c9n5
c1n6
c2n6
c4n6
c5n6
c6n6
c7n6
c8n6
c9n6
c1n7
c2n7
c3n7
c4n7
c5n7
c6n7
c7n7
c8n7
c9n7
c1n8
c2n8
c3n8
c4n8
c5n8
c6n8
c7n8
c8n8
c9n8
c1n9
c2n9
c3n9
c4n9
c5n9
c6n9
c7n9
c9n9
l3n1
l4n1
l5n1
l6n1
l7n1
l8n1
l9n1
l1n2
l2n2
l4n2
l5n2
l6n2
l7n2
l8n2
l9n2
l2n3
l3n3
l4n3
l5n3
l6n3
l7n3
l8n3
l9n3
l1n4
l3n4
l4n4
l5n4
l6n4
l7n4
l8n4
l9n4
l1n5
l4n5
l5n5
l6n5
l7n5
l8n5
l9n5
l1n6
l2n6
l4n6
l5n6
l6n6
l7n6
l8n6
l9n6
l1n7
l2n7
l3n7
l4n7
l5n7
l6n7
l7n7
l8n7
l9n7
l1n8
l2n8
l3n8
l4n8
l5n8
l6n8
l7n8
l8n8
l9n8
l1n9
l3n9
l4n9
l5n9
l6n9
l7n9
l8n9
l9n9
b2n1
b3n1
b4n1
b5n1
b6n1
b7n1
b8n1
b1n2
b2n2
b3n2
b4n2
b5n2
b6n2
b7n2
b8n2
b1n3
b2n3
b3n3
b4n3
b5n3
b6n3
b7n3
b8n3
b1n4
b2n4
b3n4
b4n4
b5n4
b6n4
b7n4
b8n4
b2n5
b3n5
b4n5
b5n5
b6n5
b7n5
b8n5
b1n6
b2n6
b3n6
b4n6
b5n6
b6n6
b7n6
b8n6
b0n7
b1n7
b2n7
b3n7
b4n7
b5n7
b6n7
b7n7
b8n7
b0n8
b1n8
b2n8
b3n8
b4n8
b5n8
b6n8
b7n8
b8n8
b0n9
b1n9
b3n9
b4n9
b5n9
b6n9
b7n9
b8n9
0 118 190 262
0 127 199 271
0 136 208 280
1 119 190 262
1 128 199 271
1 137 208 280
2 81 151 223
2 97 167 239
2 112 182 254
2 121 190 263
2 130 199 272
2 139 208 281
3 83 151 223
3 99 167 239
3 114 182 254
3 123 190 263
3 132 199 272
3 141 208 281
4 84 151 224
4 100 167 240
4 107 175 247
4 115 182 255
4 124 190 264
4 133 199 273
5 85 151 224
5 101 167 240
5 108 175 247
5 116 182 255
5 125 190 264
5 134 199 273
6 86 151 224
6 102 167 240
6 109 175 247
6 117 182 255
6 126 190 264
6 135 199 273
7 81 152 223
7 89 159 231
7 112 183 254
7 121 191 263
7 130 200 272
8 82 152 223
8 90 159 231
8 113 183 254
8 122 191 263
8 131 200 272
9 83 152 223
9 91 159 231
9 114 183 254
9 123 191 263
9 132 200 272
10 84 152 224
10 92 159 232
10 115 183 255
10 124 191 264
10 133 200 273
11 86 152 224
11 94 159 232
11 117 183 255
11 126 191 264
11 135 200 273
12 119 192 262
12 128 201 271
12 137 209 280
13 90 160 231
13 98 168 239
13 122 192 263
13 131 201 272
13 140 209 281
14 91 160 231
14 99 168 239
14 123 192 263
14 132 201 272
14 141 209 281
15 76 144 216
15 92 160 232
15 100 168 240
15 124 192 264
15 133 201 273
16 77 144 216
16 93 160 232
16 101 168 240
16 125 192 264
16 134 201 273
17 78 144 216
17 94 160 232
17 102 168 240
17 126 192 264
17 135 201 273
18 72 145 217
18 87 161 233
18 103 176 248
18 110 184 256
18 118 193 265
18 127 202 274
18 136 210 282
19 79 153 225
19 88 161 233
19 95 169 241
19 104 176 248
19 111 184 256
19 119 193 265
19 128 202 274
19 137 210 282
20 73 145 217
20 80 153 225
20 96 169 241
20 120 193 265
20 129 202 274
20 138 210 282
21 74 145 218
21 81 153 226
21 89 161 234
21 97 169 242
21 112 184 257
21 121 193 266
21 130 202 275
21 139 210 283
22 82 153 226
22 90 161 234
22 98 169 242
22 105 176 249
22 113 184 257
22 122 193 266
22 131 202 275
22 140 210 283
23 75 145 218
23 83 153 226
23 91 161 234
23 99 169 242
23 106 176 249
23 114 184 257
23 123 193 266
23 132 202 275
23 141 210 283
24 76 145 219
24 84 153 227
24 92 161 235
24 100 169 243
24 107 176 250
24 115 184 258
24 124 193 267
24 133 202 276
24 142 210 284
25 77 145 219
25 85 153 227
25 93 161 235
25 101 169 243
25 108 176 250
25 116 184 258
25 125 193 267
25 134 202 276
26 78 145 219
26 86 153 227
26 94 161 235
26 102 169 243
26 109 176 250
26 117 184 258
26 126 193 267
26 135 202 276
26 143 210 284
27 72 146 217
27 87 162 233
27 103 177 248
27 110 185 256
27 118 194 265
27 127 203 274
27 136 211 282
28 79 154 225
28 88 162 233
28 95 170 241
28 104 177 248
28 111 185 256
28 119 194 265
28 128 203 274
28 137 211 282
29 73 146 217
29 80 154 225
29 96 170 241
29 120 194 265
29 129 203 274
29 138 211 282
30 74 146 218
30 81 154 226
30 89 162 234
30 97 170 242
30 112 185 257
30 121 194 266
30 130 203 275
30 139 211 283
31 82 154 226
31 90 162 234
31 98 170 242
31 105 177 249
31 113 185 257
31 122 194 266
31 131 203 275
31 140 211 283
32 75 146 218
32 83 154 226
32 91 162 234
32 99 170 242
32 106 177 249
32 114 185 257
32 123 194 266
32 132 203 275
32 141 211 283
33 76 146 219
33 84 154 227
33 92 162 235
33 100 170 243
33 107 177 250
33 115 185 258
33 124 194 267
33 133 203 276
33 142 211 284
34 77 146 219
34 85 154 227
34 93 162 235
34 101 170 243
34 108 177 250
34 116 185 258
34 125 194 267
34 134 203 276
35 78 146 219
35 86 154 227
35 94 162 235
35 102 170 243
35 109 177 250
35 117 185 258
35 126 194 267
35 135 203 276
35 143 211 284
36 72 147 217
36 87 163 233
36 103 178 248
36 110 186 256
36 118 195 265
36 127 204 274
36 136 212 282
37 79 155 225
37 88 163 233
37 95 171 241
37 104 178 248
37 111 186 256
37 119 195 265
37 128 204 274
37 137 212 282
38 73 147 217
38 80 155 225
38 96 171 241
38 120 195 265
38 129 204 274
38 138 212 282
39 74 147 218
39 81 155 226
39 89 163 234
39 97 171 242
39 112 186 257
39 121 195 266
39 130 204 275
39 139 212 283
40 82 155 226
40 90 163 234
40 98 171 242
40 105 178 249
40 113 186 257
40 122 195 266
40 131 204 275
40 140 212 283
41 75 147 218
41 83 155 226
41 91 163 234
41 99 171 242
41 106 178 249
41 114 186 257
41 123 195 266
41 132 204 275
41 141 212 283
42 76 147 219
42 84 155 227
42 92 163 235
42 100 171 243
42 107 178 250
42 115 186 258
42 124 195 267
42 133 204 276
42 142 212 284
43 77 147 219
43 85 155 227
43 93 163 235
43 101 171 243
43 108 178 250
43 116 186 258
43 125 195 267
43 134 204 276
44 78 147 219
44 86 155 227
44 94 163 235
44 102 171 243
44 109 178 250
44 117 186 258
44 126 195 267
44 135 204 276
44 143 212 284
45 72 148 220
45 87 164 236
45 103 179 251
45 110 187 259
45 118 196 268
45 127 205 277
45 136 213 285
46 79 156 228
46 88 164 236
46 95 172 244
46 104 179 251
46 111 187 259
46 119 196 268
46 128 205 277
46 137 213 285
47 73 148 220
47 80 156 228
47 96 172 244
47 120 196 268
47 129 205 277
47 138 213 285
48 74 148 221
48 81 156 229
48 89 164 237
48 97 172 245
48 112 187 260
48 121 196 269
48 130 205 278
48 139 213 286
49 82 156 229
49 90 164 237
49 98 172 245
49 105 179 252
49 113 187 260
49 122 196 269
49 131 205 278
49 140 213 286
50 75 148 221
50 83 156 229
50 91 164 237
50 99 172 245
50 106 179 252
50 114 187 260
50 123 196 269
50 132 205 278
50 141 213 286
51 76 148 222
51 84 156 230
51 92 164 238
51 100 172 246
51 107 179 253
51 115 187 261
51 124 196 270
51 133 205 279
51 142 213 287
52 77 148 222
52 85 156 230
52 93 164 238
52 101 172 246
52 108 179 253
52 116 187 261
52 125 196 270
52 134 205 279
53 78 148 222
53 86 156 230
53 94 164 238
53 102 172 246
53 109 179 253
53 117 187 261
53 126 196 270
53 135 205 279
53 143 213 287
54 72 149 220
54 87 165 236
54 103 180 251
54 110 188 259
54 118 197 268
54 127 206 277
54 136 214 285
55 79 157 228
55 88 165 236
55 95 173 244
55 104 180 251
55 111 188 259
55 119 197 268
55 128 206 277
55 137 214 285
56 73 149 220
56 80 157 228
56 96 173 244
56 120 197 268
56 129 206 277
56 138 214 285
57 74 149 221
57 81 157 229
57 89 165 237
57 97 173 245
57 112 188 260
57 121 197 269
57 130 206 278
57 139 214 286
58 82 157 229
58 90 165 237
58 98 173 245
58 105 180 252
58 113 188 260
58 122 197 269
58 131 206 278
58 140 214 286
59 75 149 221
59 83 157 229
59 91 165 237
59 99 173 245
59 106 180 252
59 114 188 260
59 123 197 269
59 132 206 278
59 141 214 286
60 76 149 222
60 84 157 230
60 92 165 238
60 100 173 246
60 107 180 253
60 115 188 261
60 124 197 270
60 133 206 279
60 142 214 287
61 77 149 222
61 85 157 230
61 93 165 238
61 101 173 246
61 108 180 253
61 116 188 261
61 125 197 270
61 134 206 279
62 78 149 222
62 86 157 230
62 94 165 238
62 102 173 246
62 109 180 253
62 117 188 261
62 126 197 270
62 135 206 279
62 143 214 287
63 72 150 220
63 87 166 236
63 103 181 251
63 110 189 259
63 118 198 268
63 127 207 277
63 136 215 285
64 79 158 228
64 88 166 236
64 95 174 244
64 104 181 251
64 111 189 259
64 119 198 268
64 128 207 277
64 137 215 285
65 73 150 220
65 80 158 228
65 96 174 244
65 120 198 268
65 129 207 277
65 138 215 285
66 74 150 221
66 81 158 229
66 89 166 237
66 97 174 245
66 112 189 260
66 121 198 269
66 130 207 278
66 139 215 286
67 82 158 229
67 90 166 237
67 98 174 245
67 105 181 252
67 113 189 260
67 122 198 269
67 131 207 278
67 140 215 286
68 75 150 221
68 83 158 229
68 91 166 237
68 99 174 245
68 106 181 252
68 114 189 260
68 123 198 269
68 132 207 278
68 141 215 286
69 76 150 222
69 84 158 230
69 92 166 238
69 100 174 246
69 107 181 253
69 115 189 261
69 124 198 270
69 133 207 279
69 142 215 287
70 77 150 222
70 85 158 230
70 93 166 238
70 101 174 246
70 108 181 253
70 116 189 261
70 125 198 270
70 134 207 279
71 78 150 222
71 86 158 230
71 94 166 238
71 102 174 246
71 109 181 253
71 117 189 261
71 126 198 270
71 135 207 279
71 143 215 287