264 0 349
c1l1
c2l1
c3l1
c4l1
c5l1
c6l1
c8l1
c9l1
c2l2
c3l2
c5l2
c6l2
c7l2
c8l2
c9l2
c1l3
c2l3
c3l3
c4l3
c5l3
c6l3
c8l3
c2l4
c3l4
c4l4
c5l4
c6l4
c7l4
c8l4
c9l4
c1l5
c2l5
c3l5
c4l5
c5l5
c8l5
c9l5
c1l6
c2l6
c3l6
c4l6
c7l6
c8l6
c9l6
c1l7
c3l7
c5l7
c6l7
c7l7
c8l7
c9l7
c1l8
c2l8
c3l8
c5l8
c6l8
c7l8
c9l8
c1l9
c3l9
c4l9
c5l9
c6l9
c7l9
c8l9
c9l9
c2n1
c3n1
c4n1
c5n1
c6n1
c8n1
c9n1
c1n2
c2n2
c3n2
c4n2
c5n2
c7n2
c8n2
c9n2
c1n3
c2n3
c3n3
c4n3
c5n3
c8n3
c9n3
c1n4
c2n4
c3n4
c5n4
c6n4
c7n4
c8n4
c9n4
c1n5
c3n5
c4n5
c6n5
c7n5
c8n5
c1n6
c2n6
c3n6
c4n6
c5n6
c6n6
c8n6
c9n6
c1n7
c2n7
c3n7
c4n7
c5n7
c6n7
c7n7
c9n7
c1n8
c3n8
c5n8
c6n8
c7n8
c8n8
c9n8
c2n9
c3n9
c5n9
c6n9
c7n9
c8n9
c9n9
l1n1
l4n1
l5n1
l6n1
l7n1
l8n1
l9n1
l1n2
l2n2
l3n2
l4n2
l6n2
l7n2
l8n2
l9n2
l2n3
l3n3
l4n3
l5n3
l7n3
l8n3
l9n3
l1n4
l3n4
l4n4
l5n4
l6n4
l7n4
l8n4
l9n4
l1n5
l2n5
l4n5
l5n5
l8n5
l9n5
l1n6
l2n6
l3n6
l4n6
l6n6
l7n6
l8n6
l9n6
l1n7
l2n7
l3n7
l4n7
l5n7
l6n7
l7n7
l9n7
l1n8
l2n8
l3n8
l4n8
l5n8
l6n8
l8n8
l1n9
l2n9
l3n9
l5n9
l6n9
l7n9
l9n9
b1n1
b3n1
b4n1
b5n1
b6n1
b7n1
b8n1
b0n2
b1n2
b2n2
b3n2
b5n2
b6n2
b7n2
b8n2
b0n3
b1n3
b3n3
b5n3
b6n3
b7n3
b8n3
b0n4
b2n4
b3n4
b4n4
b5n4
b6n4
b7n4
b8n4
b0n5
b1n5
b3n5
b5n5
b7n5
b8n5
b0n6
b1n6
b2n6
b3n6
b4n6
b6n6
b7n6
b8n6
b0n7
b1n7
b2n7
b3n7
b4n7
b5n7
b6n7
b7n7
b0n8
b1n8
b2n8
b3n8
b4n8
b5n8
b8n8
b0n9
b1n9
b2n9
b4n9
b5n9
b6n9
b8n9
0 73 139 205
0 88 154 220
0 96 162 228
0 102 168 234
0 110 176 242
0 118 184 250
1 74 139 205
1 89 154 220
1 103 168 234
1 111 176 242
1 125 191 257
2 75 139 205
2 90 154 220
2 97 162 228
2 104 168 234
2 112 176 242
2 119 184 250
2 126 191 257
3 68 132 198
3 76 139 206
3 98 162 229
3 105 168 235
3 113 176 243
4 69 132 198
4 77 139 206
4 106 168 235
4 114 176 243
4 120 184 251
4 127 191 258
5 70 132 198
5 99 162 229
5 107 168 235
5 115 176 243
5 121 184 251
5 128 191 258
6 79 139 207
6 94 154 221
6 108 168 236
6 123 184 252
6 130 191 259
7 80 139 207
7 95 154 221
7 109 168 236
7 117 176 244
7 124 184 252
7 131 191 259
8 74 140 205
8 82 147 213
8 103 169 234
8 111 177 242
8 125 192 257
9 75 140 205
9 83 147 213
9 97 163 228
9 104 169 234
9 112 177 242
9 119 185 250
9 126 192 257
10 77 140 206
10 85 147 214
10 106 169 235
10 114 177 243
10 120 185 251
10 127 192 258
11 99 163 229
11 107 169 235
11 115 177 243
11 121 185 251
11 128 192 258
12 78 140 207
12 116 177 244
12 122 185 252
12 129 192 259
13 79 140 207
13 108 169 236
13 123 185 252
13 130 192 259
14 80 140 207
14 109 169 236
14 117 177 244
14 124 185 252
14 131 192 259
15 73 141 205
15 81 148 213
15 88 155 220
15 102 170 234
15 110 178 242
15 118 186 250
16 74 141 205
16 82 148 213
16 89 155 220
16 103 170 234
16 111 178 242
16 125 193 257
17 75 141 205
17 83 148 213
17 90 155 220
17 104 170 234
17 112 178 242
17 119 186 250
17 126 193 257
18 76 141 206
18 84 148 214
18 105 170 235
18 113 178 243
19 77 141 206
19 85 148 214
19 106 170 235
19 114 178 243
19 120 186 251
19 127 193 258
20 107 170 235
20 115 178 243
20 121 186 251
20 128 193 258
21 79 141 207
21 94 155 221
21 108 170 236
21 123 186 252
21 130 193 259
22 66 133 199
22 74 142 208
22 82 149 215
22 89 156 222
22 103 171 237
22 111 179 245
23 67 133 199
23 75 142 208
23 83 149 215
23 90 156 222
23 97 164 230
23 104 171 237
23 112 179 245
23 119 187 253
24 68 133 200
24 105 171 238
24 113 179 246
25 69 133 200
25 91 156 223
25 106 171 238
25 114 179 246
25 120 187 254
26 70 133 200
26 92 156 223
26 107 171 238
26 115 179 246
26 121 187 254
27 78 142 209
27 93 156 224
27 100 164 231
27 116 179 247
27 122 187 255
28 71 133 201
28 79 142 209
28 86 149 216
28 94 156 224
28 101 164 231
28 123 187 255
29 72 133 201
29 80 142 209
29 87 149 216
29 95 156 224
29 117 179 247
29 124 187 255
30 81 150 215
30 88 157 222
30 96 165 230
30 110 180 245
30 118 188 253
31 66 134 199
31 82 150 215
31 89 157 222
31 111 180 245
32 67 134 199
32 83 150 215
32 90 157 222
32 97 165 230
32 112 180 245
32 119 188 253
33 68 134 200
33 113 180 246
34 69 134 200
34 91 157 223
34 114 180 246
34 120 188 254
34 127 194 260
35 71 134 201
35 86 150 216
35 94 157 224
35 101 165 231
35 123 188 255
35 130 194 261
36 72 134 201
36 87 150 216
36 95 157 224
36 117 180 247
36 124 188 255
36 131 194 261
37 73 143 208
37 88 158 222
37 102 172 237
37 110 181 245
37 118 189 253
38 66 135 199
38 74 143 208
38 89 158 222
38 103 172 237
38 111 181 245
39 67 135 199
39 75 143 208
39 90 158 222
39 104 172 237
39 112 181 245
39 119 189 253
40 68 135 200
40 105 172 238
40 113 181 246
41 78 143 209
41 93 158 224
41 116 181 247
41 122 189 255
41 129 195 261
42 71 135 201
42 79 143 209
42 94 158 224
42 123 189 255
42 130 195 261
43 72 135 201
43 80 143 209
43 95 158 224
43 117 181 247
43 124 189 255
43 131 195 261
44 73 144 210
44 81 151 217
44 88 159 225
44 102 173 239
44 110 182 248
45 67 136 202
45 75 144 210
45 83 151 217
45 90 159 225
45 104 173 239
45 112 182 248
45 126 196 262
46 69 136 203
46 77 144 211
46 85 151 218
46 91 159 226
46 106 173 240
46 114 182 249
47 70 136 203
47 92 159 226
47 107 173 240
47 115 182 249
48 78 144 212
48 93 159 227
48 129 196 263
49 71 136 204
49 79 144 212
49 86 151 219
49 94 159 227
49 108 173 241
49 130 196 263
50 72 136 204
50 80 144 212
50 87 151 219
50 95 159 227
50 109 173 241
50 131 196 263
51 73 145 210
51 81 152 217
51 88 160 225
51 102 174 239
52 66 137 202
52 74 145 210
52 82 152 217
52 89 160 225
52 103 174 239
53 67 137 202
53 75 145 210
53 83 152 217
53 90 160 225
53 104 174 239
54 69 137 203
54 77 145 211
54 85 152 218
54 91 160 226
54 106 174 240
55 70 137 203
55 92 160 226
55 99 166 232
55 107 174 240
56 78 145 212
56 93 160 227
56 100 166 233
56 122 190 256
57 72 137 204
57 80 145 212
57 87 152 219
57 95 160 227
57 109 174 241
57 124 190 256
58 73 146 210
58 81 153 217
58 88 161 225
58 102 175 239
58 110 183 248
59 67 138 202
59 75 146 210
59 83 153 217
59 90 161 225
59 104 175 239
59 112 183 248
59 126 197 262
60 68 138 203
60 76 146 211
60 84 153 218
60 98 167 232
60 105 175 240
60 113 183 249
61 69 138 203
61 77 146 211
61 85 153 218
61 91 161 226
61 106 175 240
61 114 183 249
62 70 138 203
62 92 161 226
62 99 167 232
62 107 175 240
62 115 183 249
63 78 146 212
63 93 161 227
63 100 167 233
63 129 197 263
64 71 138 204
64 79 146 212
64 86 153 219
64 94 161 227
64 101 167 233
64 108 175 241
64 130 197 263
65 72 138 204
65 80 146 212
65 87 153 219
65 95 161 227
65 109 175 241
65 131 197 263