288 0 494
c1l1
c2l1
c3l1
c4l1
c5l1
c6l1
c8l1
c9l1
c2l2
c3l2
c5l2
c6l2
c7l2
c8l2
c9l2
c1l3
c2l3
c3l3
c4l3
c5l3
c6l3
c8l3
c2l4
c3l4
c4l4
c5l4
c6l4
c7l4
c8l4
c9l4
c1l5
c2l5
c3l5
c4l5
c5l5
c8l5
c9l5
c1l6
c2l6
c3l6
c4l6
c6l6
c7l6
c8l6
c9l6
c1l7
c2l7
c3l7
c4l7
c5l7
c6l7
c7l7
c8l7
c9l7
c1l8
c2l8
c3l8
c4l8
c5l8
c6l8
c7l8
c8l8
c9l8
c1l9
c2l9
c3l9
c4l9
c5l9
c6l9
c7l9
c8l9
c9l9
c2n1
c3n1
c4n1
c5n1
c6n1
c8n1
c9n1
c1n2
c2n2
c3n2
c4n2
c5n2
c7n2
c8n2
c9n2
c1n3
c2n3
c3n3
c4n3
c5n3
c6n3
c8n3
c9n3
c1n4
c2n4
c3n4
c5n4
c6n4
c7n4
c8n4
c9n4
c1n5
c2n5
c3n5
c4n5
c6n5
c7n5
c8n5
c1n6
c2n6
c3n6
c4n6
c5n6
c6n6
c8n6
c9n6
c1n7
c2n7
c3n7
c4n7
c5n7
c6n7
c7n7
c8n7
c9n7
c1n8
c2n8
c3n8
c4n8
c5n8
c6n8
c7n8
c8n8
c9n8
c2n9
c3n9
c4n9
c5n9
c6n9
c7n9
c8n9
c9n9
l1n1
l4n1
l5n1
l6n1
l7n1
l8n1
l9n1
l1n2
l2n2
l3n2
l4n2
l6n2
l7n2
l8n2
l9n2
l2n3
l3n3
l4n3
l5n3
l6n3
l7n3
l8n3
l9n3
l1n4
l3n4
l4n4
l5n4
l6n4
l7n4
l8n4
l9n4
l1n5
l2n5
l4n5
l5n5
l7n5
l8n5
l9n5
l1n6
l2n6
l3n6
l4n6
l6n6
l7n6
l8n6
l9n6
l1n7
l2n7
l3n7
l4n7
l5n7
l6n7
l7n7
l8n7
l9n7
l1n8
l2n8
l3n8
l4n8
l5n8
l6n8
l7n8
l8n8
l9n8
l1n9
l2n9
l3n9
l5n9
l6n9
l7n9
l8n9
l9n9
b1n1
b3n1
b4n1
b5n1
b6n1
b7n1
b8n1
b0n2
b1n2
b2n2
b3n2
b5n2
b6n2
b7n2
b8n2
b0n3
b1n3
b3n3
b4n3
b5n3
b6n3
b7n3
b8n3
b0n4
b2n4
b3n4
b4n4
b5n4
b6n4
b7n4
b8n4
b0n5
b1n5
b3n5
b5n5
b6n5
b7n5
b8n5
b0n6
b1n6
b2n6
b3n6
b4n6
b6n6
b7n6
b8n6
b0n7
b1n7
b2n7
b3n7
b4n7
b5n7
b6n7
b7n7
b8n7
b0n8
b1n8
b2n8
b3n8
b4n8
b5n8
b6n8
b7n8
b8n8
b0n9
b1n9
b2n9
b4n9
b5n9
b6n9
b7n9
b8n9
0 79 151 223
0 95 167 239
0 103 175 247
0 110 182 254
0 118 190 262
0 127 199 271
1 80 151 223
1 96 167 239
1 104 175 247
1 111 182 254
1 119 190 262
1 128 199 271
1 136 208 280
2 81 151 223
2 97 167 239
2 105 175 247
2 112 182 254
2 120 190 262
2 129 199 271
2 137 208 280
3 74 144 216
3 82 151 224
3 106 175 248
3 113 182 255
3 121 190 263
3 130 199 272
3 138 208 281
4 75 144 216
4 83 151 224
4 114 182 255
4 122 190 263
4 131 199 272
4 139 208 281
5 76 144 216
5 107 175 248
5 115 182 255
5 123 190 263
5 132 199 272
5 140 208 281
6 85 151 225
6 101 167 240
6 116 182 256
6 125 190 264
6 134 199 273
6 142 208 282
7 86 151 225
7 102 167 240
7 117 182 256
7 126 190 264
7 135 199 273
7 143 208 282
8 80 152 223
8 88 159 231
8 104 176 247
8 111 183 254
8 119 191 262
8 128 200 271
8 136 209 280
9 81 152 223
9 89 159 231
9 105 176 247
9 112 183 254
9 120 191 262
9 129 200 271
9 137 209 280
10 83 152 224
10 91 159 232
10 114 183 255
10 122 191 263
10 131 200 272
10 139 209 281
11 92 159 232
11 107 176 248
11 115 183 255
11 123 191 263
11 132 200 272
11 140 209 281
12 84 152 225
12 124 191 264
12 133 200 273
12 141 209 282
13 85 152 225
13 116 183 256
13 125 191 264
13 134 200 273
13 142 209 282
14 86 152 225
14 117 183 256
14 126 191 264
14 135 200 273
14 143 209 282
15 79 153 223
15 87 160 231
15 95 168 239
15 110 184 254
15 118 192 262
15 127 201 271
16 80 153 223
16 88 160 231
16 96 168 239
16 111 184 254
16 119 192 262
16 128 201 271
16 136 210 280
17 81 153 223
17 89 160 231
17 97 168 239
17 112 184 254
17 120 192 262
17 129 201 271
17 137 210 280
18 82 153 224
18 90 160 232
18 113 184 255
18 121 192 263
18 130 201 272
18 138 210 281
19 83 153 224
19 91 160 232
19 114 184 255
19 122 192 263
19 131 201 272
19 139 210 281
20 92 160 232
20 115 184 255
20 123 192 263
20 132 201 272
20 140 210 281
21 85 153 225
21 101 168 240
21 116 184 256
21 125 192 264
21 134 201 273
21 142 210 282
22 72 145 217
22 80 154 226
22 88 161 233
22 96 169 241
22 104 177 249
22 111 185 257
22 119 193 265
22 128 202 274
23 73 145 217
23 81 154 226
23 89 161 233
23 97 169 241
23 105 177 249
23 112 185 257
23 120 193 265
23 129 202 274
24 74 145 218
24 90 161 234
24 113 185 258
24 121 193 266
24 130 202 275
25 75 145 218
25 91 161 234
25 98 169 242
25 114 185 258
25 122 193 266
25 131 202 275
26 76 145 218
26 92 161 234
26 99 169 242
26 115 185 258
26 123 193 266
26 132 202 275
27 84 154 227
27 100 169 243
27 108 177 250
27 124 193 267
27 133 202 276
28 77 145 219
28 85 154 227
28 93 161 235
28 101 169 243
28 109 177 250
28 125 193 267
28 134 202 276
29 78 145 219
29 86 154 227
29 94 161 235
29 102 169 243
29 126 193 267
29 135 202 276
30 87 162 233
30 95 170 241
30 103 178 249
30 118 194 265
30 127 203 274
31 72 146 217
31 88 162 233
31 96 170 241
31 104 178 249
31 119 194 265
31 128 203 274
32 73 146 217
32 89 162 233
32 97 170 241
32 105 178 249
32 120 194 265
32 129 203 274
33 74 146 218
33 90 162 234
33 121 194 266
33 130 203 275
33 138 211 283
34 75 146 218
34 91 162 234
34 98 170 242
34 122 194 266
34 131 203 275
34 139 211 283
35 77 146 219
35 93 162 235
35 101 170 243
35 109 178 250
35 125 194 267
35 134 203 276
35 142 211 284
36 78 146 219
36 94 162 235
36 102 170 243
36 126 194 267
36 135 203 276
36 143 211 284
37 79 155 226
37 87 163 233
37 95 171 241
37 110 186 257
37 118 195 265
37 127 204 274
38 72 147 217
38 80 155 226
38 88 163 233
38 96 171 241
38 111 186 257
38 119 195 265
38 128 204 274
39 73 147 217
39 81 155 226
39 89 163 233
39 97 171 241
39 112 186 257
39 120 195 265
39 129 204 274
40 74 147 218
40 90 163 234
40 113 186 258
40 121 195 266
40 130 204 275
40 138 212 283
41 76 147 218
41 92 163 234
41 99 171 242
41 115 186 258
41 123 195 266
41 132 204 275
41 140 212 283
42 84 155 227
42 100 171 243
42 124 195 267
42 133 204 276
42 141 212 284
43 77 147 219
43 85 155 227
43 93 163 235
43 101 171 243
43 125 195 267
43 134 204 276
43 142 212 284
44 78 147 219
44 86 155 227
44 94 163 235
44 102 171 243
44 126 195 267
44 135 204 276
44 143 212 284
45 79 156 228
45 87 164 236
45 95 172 244
45 103 179 251
45 110 187 259
45 118 196 268
45 127 205 277
46 72 148 220
46 80 156 228
46 88 164 236
46 96 172 244
46 104 179 251
46 111 187 259
46 119 196 268
46 128 205 277
46 136 213 285
47 73 148 220
47 81 156 228
47 89 164 236
47 97 172 244
47 105 179 251
47 112 187 259
47 120 196 268
47 129 205 277
47 137 213 285
48 74 148 221
48 82 156 229
48 90 164 237
48 106 179 252
48 113 187 260
48 121 196 269
48 130 205 278
48 138 213 286
49 75 148 221
49 83 156 229
49 91 164 237
49 98 172 245
49 114 187 260
49 122 196 269
49 131 205 278
49 139 213 286
50 76 148 221
50 92 164 237
50 99 172 245
50 107 179 252
50 115 187 260
50 123 196 269
50 132 205 278
50 140 213 286
51 84 156 230
51 100 172 246
51 108 179 253
51 124 196 270
51 133 205 279
51 141 213 287
52 77 148 222
52 85 156 230
52 93 164 238
52 101 172 246
52 109 179 253
52 116 187 261
52 125 196 270
52 134 205 279
52 142 213 287
53 78 148 222
53 86 156 230
53 94 164 238
53 102 172 246
53 117 187 261
53 126 196 270
53 135 205 279
53 143 213 287
54 79 157 228
54 87 165 236
54 95 173 244
54 103 180 251
54 110 188 259
54 118 197 268
54 127 206 277
55 72 149 220
55 80 157 228
55 88 165 236
55 96 173 244
55 104 180 251
55 111 188 259
55 119 197 268
55 128 206 277
55 136 214 285
56 73 149 220
56 81 157 228
56 89 165 236
56 97 173 244
56 105 180 251
56 112 188 259
56 120 197 268
56 129 206 277
56 137 214 285
57 74 149 221
57 82 157 229
57 90 165 237
57 106 180 252
57 113 188 260
57 121 197 269
57 130 206 278
57 138 214 286
58 75 149 221
58 83 157 229
58 91 165 237
58 98 173 245
58 114 188 260
58 122 197 269
58 131 206 278
58 139 214 286
59 76 149 221
59 92 165 237
59 99 173 245
59 107 180 252
59 115 188 260
59 123 197 269
59 132 206 278
59 140 214 286
60 84 157 230
60 100 173 246
60 108 180 253
60 124 197 270
60 133 206 279
60 141 214 287
61 77 149 222
61 85 157 230
61 93 165 238
61 101 173 246
61 109 180 253
61 116 188 261
61 125 197 270
61 134 206 279
61 142 214 287
62 78 149 222
62 86 157 230
62 94 165 238
62 102 173 246
62 117 188 261
62 126 197 270
62 135 206 279
62 143 214 287
63 79 158 228
63 87 166 236
63 95 174 244
63 103 181 251
63 110 189 259
63 118 198 268
63 127 207 277
64 72 150 220
64 80 158 228
64 88 166 236
64 96 174 244
64 104 181 251
64 111 189 259
64 119 198 268
64 128 207 277
64 136 215 285
65 73 150 220
65 81 158 228
65 89 166 236
65 97 174 244
65 105 181 251
65 112 189 259
65 120 198 268
65 129 207 277
65 137 215 285
66 74 150 221
66 82 158 229
66 90 166 237
66 106 181 252
66 113 189 260
66 121 198 269
66 130 207 278
66 138 215 286
67 75 150 221
67 83 158 229
67 91 166 237
67 98 174 245
67 114 189 260
67 122 198 269
67 131 207 278
67 139 215 286
68 76 150 221
68 92 166 237
68 99 174 245
68 107 181 252
68 115 189 260
68 123 198 269
68 132 207 278
68 140 215 286
69 84 158 230
69 100 174 246
69 108 181 253
69 124 198 270
69 133 207 279
69 141 215 287
70 77 150 222
70 85 158 230
70 93 166 238
70 101 174 246
70 109 181 253
70 116 189 261
70 125 198 270
70 134 207 279
70 142 215 287
71 78 150 222
71 86 158 230
71 94 166 238
71 102 174 246
71 117 189 261
71 126 198 270
71 135 207 279
71 143 215 287