268 0 375
c1l1
c3l1
c4l1
c6l1
c7l1
c8l1
c9l1
c1l2
c2l2
c3l2
c5l2
c6l2
c8l2
c9l2
c1l3
c3l3
c4l3
c5l3
c6l3
c7l3
c9l3
c2l4
c3l4
c4l4
c5l4
c6l4
c8l4
c1l5
c2l5
c3l5
c4l5
c7l5
c8l5
c9l5
c2l6
c3l6
c4l6
c5l6
c6l6
c7l6
c8l6
c9l6
c2l7
c3l7
c5l7
c6l7
c7l7
c8l7
c9l7
c1l8
c2l8
c3l8
c4l8
c5l8
c6l8
c7l8
c8l8
c9l8
c1l9
c2l9
c3l9
c4l9
c5l9
c6l9
c7l9
c8l9
c9l9
c2n1
c3n1
c4n1
c6n1
c8n1
c9n1
c2n2
c3n2
c4n2
c5n2
c6n2
c7n2
c8n2
c9n2
c1n3
c3n3
c4n3
c6n3
c7n3
c8n3
c9n3
c2n4
c3n4
c5n4
c6n4
c7n4
c8n4
c1n5
c3n5
c4n5
c5n5
c7n5
c8n5
c9n5
c1n6
c2n6
c3n6
c5n6
c6n6
c8n6
c9n6
c1n7
c2n7
c3n7
c4n7
c5n7
c6n7
c7n7
c8n7
c9n7
c1n8
c2n8
c3n8
c4n8
c5n8
c6n8
c7n8
c8n8
c9n8
c1n9
c2n9
c3n9
c4n9
c5n9
c6n9
c7n9
c9n9
l3n1
l4n1
l5n1
l7n1
l8n1
l9n1
l1n2
l2n2
l3n2
l5n2
l6n2
l7n2
l8n2
l9n2
l2n3
l3n3
l4n3
l6n3
l7n3
l8n3
l9n3
l1n4
l3n4
l5n4
l6n4
l8n4
l9n4
l1n5
l2n5
l4n5
l6n5
l7n5
l8n5
l9n5
l1n6
l2n6
l3n6
l5n6
l6n6
l8n6
l9n6
l1n7
l2n7
l3n7
l4n7
l5n7
l6n7
l7n7
l8n7
l9n7
l1n8
l2n8
l3n8
l4n8
l5n8
l6n8
l7n8
l8n8
l9n8
l1n9
l2n9
l4n9
l5n9
l6n9
l7n9
l8n9
l9n9
b0n1
b4n1
b5n1
b6n1
b7n1
b8n1
b0n2
b1n2
b2n2
b4n2
b5n2
b6n2
b7n2
b8n2
b1n3
b2n3
b3n3
b5n3
b6n3
b7n3
b8n3
b0n4
b2n4
b3n4
b4n4
b7n4
b8n4
b1n5
b2n5
b3n5
b5n5
b6n5
b7n5
b8n5
b0n6
b1n6
b2n6
b3n6
b4n6
b6n6
b8n6
b0n7
b1n7
b2n7
b3n7
b4n7
b5n7
b6n7
b7n7
b8n7
b0n8
b1n8
b2n8
b3n8
b4n8
b5n8
b6n8
b7n8
b8n8
b0n9
b1n9
b3n9
b4n9
b5n9
b6n9
b7n9
b8n9
0 101 168 235
0 108 175 242
0 117 184 251
0 126 193 260
1 74 140 207
1 89 155 222
1 103 168 235
1 110 175 242
1 119 184 251
1 128 193 260
2 75 140 208
2 96 161 228
2 111 175 243
2 120 184 252
2 129 193 261
3 77 140 208
3 105 168 236
3 113 175 243
3 122 184 252
3 131 193 261
4 78 140 209
4 92 155 223
4 98 161 229
4 114 175 244
4 123 184 253
5 79 140 209
5 93 155 223
5 99 161 229
5 106 168 237
5 115 175 244
5 124 184 253
6 80 140 209
6 100 161 229
6 107 168 237
6 116 175 244
6 125 184 253
7 101 169 235
7 108 176 242
7 117 185 251
7 126 194 260
8 73 141 207
8 102 169 235
8 109 176 242
8 118 185 251
8 127 194 260
9 74 141 207
9 103 169 235
9 110 176 242
9 119 185 251
9 128 194 260
10 76 141 208
10 97 162 228
10 104 169 236
10 112 176 243
10 121 185 252
10 130 194 261
11 77 141 208
11 84 148 215
11 105 169 236
11 113 176 243
11 122 185 252
11 131 194 261
12 79 141 209
12 86 148 216
12 99 162 229
12 106 169 237
12 115 176 244
12 124 185 253
13 80 141 209
13 87 148 216
13 100 162 229
13 107 169 237
13 116 176 244
13 125 185 253
14 101 170 235
14 108 177 242
14 117 186 251
15 68 134 201
15 74 142 207
15 89 156 222
15 103 170 235
15 110 177 242
15 119 186 251
16 75 142 208
16 83 149 215
16 111 177 243
16 120 186 252
17 76 142 208
17 104 170 236
17 112 177 243
17 121 186 252
18 77 142 208
18 84 149 215
18 105 170 236
18 113 177 243
18 122 186 252
19 78 142 209
19 85 149 216
19 92 156 223
19 114 177 244
19 123 186 253
20 80 142 209
20 87 149 216
20 107 170 237
20 116 177 244
20 125 186 253
21 109 178 245
21 118 187 254
21 127 195 262
22 82 150 217
22 95 163 230
22 110 178 245
22 119 187 254
22 128 195 262
23 69 135 202
23 111 178 246
23 120 187 255
23 129 195 263
24 112 178 246
24 121 187 255
24 130 195 263
25 70 135 202
25 113 178 246
25 122 187 255
25 131 195 263
26 71 135 203
26 86 150 218
26 99 163 231
26 115 178 247
26 124 187 256
27 101 171 238
27 108 179 245
27 117 188 254
27 126 196 262
28 88 157 224
28 102 171 238
28 109 179 245
28 118 188 254
28 127 196 262
29 89 157 224
29 103 171 238
29 110 179 245
29 119 188 254
29 128 196 262
30 69 136 202
30 75 143 210
30 111 179 246
30 120 188 255
30 129 196 263
31 78 143 211
31 114 179 247
31 123 188 256
31 132 196 264
32 71 136 203
32 79 143 211
32 115 179 247
32 124 188 256
33 72 136 203
33 80 143 211
33 116 179 247
33 125 188 256
33 133 196 264
34 88 158 224
34 102 172 238
34 109 180 245
34 118 189 254
34 127 197 262
35 82 151 217
35 89 158 224
35 95 164 230
35 103 172 238
35 110 180 245
35 119 189 254
35 128 197 262
36 75 144 210
36 111 180 246
36 120 189 255
36 129 197 263
37 76 144 210
37 90 158 225
37 104 172 239
37 112 180 246
37 121 189 255
37 130 197 263
38 77 144 210
38 91 158 225
38 105 172 239
38 113 180 246
38 122 189 255
38 131 197 263
39 78 144 211
39 85 151 218
39 98 164 231
39 114 180 247
39 123 189 256
39 132 197 264
40 79 144 211
40 86 151 218
40 99 164 231
40 115 180 247
40 124 189 256
41 80 144 211
41 87 151 218
41 100 164 231
41 116 180 247
41 125 189 256
41 133 197 264
42 67 137 204
42 73 145 212
42 109 181 248
42 118 190 257
42 127 198 265
43 68 137 204
43 74 145 212
43 82 152 219
43 95 165 232
43 110 181 248
43 119 190 257
43 128 198 265
44 76 145 213
44 97 165 233
44 112 181 249
44 121 190 258
44 130 198 266
45 70 137 205
45 77 145 213
45 84 152 220
45 113 181 249
45 122 190 258
45 131 198 266
46 78 145 214
46 85 152 221
46 98 165 234
46 114 181 250
46 123 190 259
46 132 198 267
47 71 137 206
47 79 145 214
47 86 152 221
47 99 165 234
47 115 181 250
47 124 190 259
48 72 137 206
48 80 145 214
48 87 152 221
48 100 165 234
48 116 181 250
48 125 190 259
48 133 198 267
49 81 153 219
49 94 166 232
49 101 173 240
49 108 182 248
49 117 191 257
49 126 199 265
50 67 138 204
50 73 146 212
50 102 173 240
50 109 182 248
50 118 191 257
50 127 199 265
51 68 138 204
51 74 146 212
51 82 153 219
51 95 166 232
51 103 173 240
51 110 182 248
51 119 191 257
51 128 199 265
52 69 138 205
52 75 146 213
52 83 153 220
52 96 166 233
52 111 182 249
52 120 191 258
52 129 199 266
53 76 146 213
53 90 159 226
53 97 166 233
53 112 182 249
53 121 191 258
53 130 199 266
54 70 138 205
54 77 146 213
54 84 153 220
54 91 159 226
54 113 182 249
54 122 191 258
54 131 199 266
55 78 146 214
55 85 153 221
55 92 159 227
55 98 166 234
55 114 182 250
55 123 191 259
55 132 199 267
56 71 138 206
56 79 146 214
56 86 153 221
56 93 159 227
56 99 166 234
56 106 173 241
56 115 182 250
56 124 191 259
57 72 138 206
57 80 146 214
57 87 153 221
57 100 166 234
57 107 173 241
57 116 182 250
57 125 191 259
57 133 199 267
58 81 154 219
58 94 167 232
58 101 174 240
58 108 183 248
58 117 192 257
58 126 200 265
59 67 139 204
59 73 147 212
59 102 174 240
59 109 183 248
59 118 192 257
59 127 200 265
60 68 139 204
60 74 147 212
60 82 154 219
60 95 167 232
60 103 174 240
60 110 183 248
60 119 192 257
60 128 200 265
61 69 139 205
61 75 147 213
61 83 154 220
61 96 167 233
61 111 183 249
61 120 192 258
61 129 200 266
62 76 147 213
62 90 160 226
62 97 167 233
62 112 183 249
62 121 192 258
62 130 200 266
63 70 139 205
63 77 147 213
63 84 154 220
63 91 160 226
63 113 183 249
63 122 192 258
63 131 200 266
64 78 147 214
64 85 154 221
64 92 160 227
64 98 167 234
64 114 183 250
64 123 192 259
64 132 200 267
65 71 139 206
65 79 147 214
65 86 154 221
65 93 160 227
65 99 167 234
65 106 174 241
65 115 183 250
65 124 192 259
66 72 139 206
66 80 147 214
66 87 154 221
66 100 167 234
66 107 174 241
66 116 183 250
66 125 192 259
66 133 200 267