284 0 471
c1l1
c2l1
c3l1
c4l1
c5l1
c6l1
c8l1
c9l1
c2l2
c3l2
c5l2
c6l2
c7l2
c8l2
c9l2
c1l3
c2l3
c3l3
c4l3
c5l3
c6l3
c8l3
c2l4
c3l4
c4l4
c5l4
c6l4
c7l4
c8l4
c9l4
c1l5
c2l5
c3l5
c4l5
c5l5
c8l5
c9l5
c1l6
c2l6
c3l6
c4l6
c7l6
c8l6
c9l6
c1l7
c2l7
c3l7
c4l7
c5l7
c6l7
c7l7
c8l7
c9l7
c1l8
c2l8
c3l8
c4l8
c5l8
c6l8
c7l8
c8l8
c9l8
c1l9
c2l9
c3l9
c4l9
c5l9
c6l9
c7l9
c8l9
c9l9
c2n1
c3n1
c4n1
c5n1
c6n1
c8n1
c9n1
c1n2
c2n2
c3n2
c4n2
c5n2
c7n2
c8n2
c9n2
c1n3
c2n3
c3n3
c4n3
c5n3
c8n3
c9n3
c1n4
c2n4
c3n4
c5n4
c6n4
c7n4
c8n4
c9n4
c1n5
c2n5
c3n5
c4n5
c6n5
c7n5
c8n5
c1n6
c2n6
c3n6
c4n6
c5n6
c6n6
c8n6
c9n6
c1n7
c2n7
c3n7
c4n7
c5n7
c6n7
c7n7
c8n7
c9n7
c1n8
c2n8
c3n8
c4n8
c5n8
c6n8
c7n8
c8n8
c9n8
c2n9
c3n9
c4n9
c5n9
c6n9
c7n9
c8n9
c9n9
l1n1
l4n1
l5n1
l6n1
l7n1
l8n1
l9n1
l1n2
l2n2
l3n2
l4n2
l6n2
l7n2
l8n2
l9n2
l2n3
l3n3
l4n3
l5n3
l7n3
l8n3
l9n3
l1n4
l3n4
l4n4
l5n4
l6n4
l7n4
l8n4
l9n4
l1n5
l2n5
l4n5
l5n5
l7n5
l8n5
l9n5
l1n6
l2n6
l3n6
l4n6
l6n6
l7n6
l8n6
l9n6
l1n7
l2n7
l3n7
l4n7
l5n7
l6n7
l7n7
l8n7
l9n7
l1n8
l2n8
l3n8
l4n8
l5n8
l6n8
l7n8
l8n8
l9n8
l1n9
l2n9
l3n9
l5n9
l6n9
l7n9
l8n9
l9n9
b1n1
b3n1
b4n1
b5n1
b6n1
b7n1
b8n1
b0n2
b1n2
b2n2
b3n2
b5n2
b6n2
b7n2
b8n2
b0n3
b1n3
b3n3
b5n3
b6n3
b7n3
b8n3
b0n4
b2n4
b3n4
b4n4
b5n4
b6n4
b7n4
b8n4
b0n5
b1n5
b3n5
b5n5
b6n5
b7n5
b8n5
b0n6
b1n6
b2n6
b3n6
b4n6
b6n6
b7n6
b8n6
b0n7
b1n7
b2n7
b3n7
b4n7
b5n7
b6n7
b7n7
b8n7
b0n8
b1n8
b2n8
b3n8
b4n8
b5n8
b6n8
b7n8
b8n8
b0n9
b1n9
b2n9
b4n9
b5n9
b6n9
b7n9
b8n9
0 78 149 220
0 93 164 235
0 101 172 243
0 108 179 250
0 116 187 258
0 125 196 267
1 79 149 220
1 94 164 235
1 102 172 243
1 109 179 250
1 117 187 258
1 126 196 267
1 134 205 276
2 80 149 220
2 95 164 235
2 103 172 243
2 110 179 250
2 118 187 258
2 127 196 267
2 135 205 276
3 73 142 213
3 81 149 221
3 104 172 244
3 111 179 251
3 119 187 259
3 128 196 268
3 136 205 277
4 74 142 213
4 82 149 221
4 112 179 251
4 120 187 259
4 129 196 268
4 137 205 277
5 75 142 213
5 105 172 244
5 113 179 251
5 121 187 259
5 130 196 268
5 138 205 277
6 84 149 222
6 99 164 236
6 114 179 252
6 123 187 260
6 132 196 269
6 140 205 278
7 85 149 222
7 100 164 236
7 115 179 252
7 124 187 260
7 133 196 269
7 141 205 278
8 79 150 220
8 87 157 228
8 102 173 243
8 109 180 250
8 117 188 258
8 126 197 267
8 134 206 276
9 80 150 220
9 88 157 228
9 103 173 243
9 110 180 250
9 118 188 258
9 127 197 267
9 135 206 276
10 82 150 221
10 90 157 229
10 112 180 251
10 120 188 259
10 129 197 268
10 137 206 277
11 105 173 244
11 113 180 251
11 121 188 259
11 130 197 268
11 138 206 277
12 83 150 222
12 122 188 260
12 131 197 269
12 139 206 278
13 84 150 222
13 114 180 252
13 123 188 260
13 132 197 269
13 140 206 278
14 85 150 222
14 115 180 252
14 124 188 260
14 133 197 269
14 141 206 278
15 78 151 220
15 86 158 228
15 93 165 235
15 108 181 250
15 116 189 258
15 125 198 267
16 79 151 220
16 87 158 228
16 94 165 235
16 109 181 250
16 117 189 258
16 126 198 267
16 134 207 276
17 80 151 220
17 88 158 228
17 95 165 235
17 110 181 250
17 118 189 258
17 127 198 267
17 135 207 276
18 81 151 221
18 89 158 229
18 111 181 251
18 119 189 259
18 128 198 268
18 136 207 277
19 82 151 221
19 90 158 229
19 112 181 251
19 120 189 259
19 129 198 268
19 137 207 277
20 113 181 251
20 121 189 259
20 130 198 268
20 138 207 277
21 84 151 222
21 99 165 236
21 114 181 252
21 123 189 260
21 132 198 269
21 140 207 278
22 71 143 214
22 79 152 223
22 87 159 230
22 94 166 237
22 102 174 245
22 109 182 253
22 117 190 261
22 126 199 270
23 72 143 214
23 80 152 223
23 88 159 230
23 95 166 237
23 103 174 245
23 110 182 253
23 118 190 261
23 127 199 270
24 73 143 215
24 111 182 254
24 119 190 262
24 128 199 271
25 74 143 215
25 96 166 238
25 112 182 254
25 120 190 262
25 129 199 271
26 75 143 215
26 97 166 238
26 113 182 254
26 121 190 262
26 130 199 271
27 83 152 224
27 98 166 239
27 106 174 246
27 122 190 263
27 131 199 272
28 76 143 216
28 84 152 224
28 91 159 231
28 99 166 239
28 107 174 246
28 123 190 263
28 132 199 272
29 77 143 216
29 85 152 224
29 92 159 231
29 100 166 239
29 124 190 263
29 133 199 272
30 86 160 230
30 93 167 237
30 101 175 245
30 116 191 261
30 125 200 270
31 71 144 214
31 87 160 230
31 94 167 237
31 102 175 245
31 117 191 261
31 126 200 270
32 72 144 214
32 88 160 230
32 95 167 237
32 103 175 245
32 118 191 261
32 127 200 270
33 73 144 215
33 119 191 262
33 128 200 271
33 136 208 279
34 74 144 215
34 96 167 238
34 120 191 262
34 129 200 271
34 137 208 279
35 76 144 216
35 91 160 231
35 99 167 239
35 107 175 246
35 123 191 263
35 132 200 272
35 140 208 280
36 77 144 216
36 92 160 231
36 100 167 239
36 124 191 263
36 133 200 272
36 141 208 280
37 78 153 223
37 93 168 237
37 108 183 253
37 116 192 261
37 125 201 270
38 71 145 214
38 79 153 223
38 94 168 237
38 109 183 253
38 117 192 261
38 126 201 270
39 72 145 214
39 80 153 223
39 95 168 237
39 110 183 253
39 118 192 261
39 127 201 270
40 73 145 215
40 111 183 254
40 119 192 262
40 128 201 271
40 136 209 279
41 83 153 224
41 98 168 239
41 122 192 263
41 131 201 272
41 139 209 280
42 76 145 216
42 84 153 224
42 99 168 239
42 123 192 263
42 132 201 272
42 140 209 280
43 77 145 216
43 85 153 224
43 100 168 239
43 124 192 263
43 133 201 272
43 141 209 280
44 78 154 225
44 86 161 232
44 93 169 240
44 101 176 247
44 108 184 255
44 116 193 264
44 125 202 273
45 71 146 217
45 79 154 225
45 87 161 232
45 94 169 240
45 102 176 247
45 109 184 255
45 117 193 264
45 126 202 273
45 134 210 281
46 72 146 217
46 80 154 225
46 88 161 232
46 95 169 240
46 103 176 247
46 110 184 255
46 118 193 264
46 127 202 273
46 135 210 281
47 73 146 218
47 81 154 226
47 89 161 233
47 104 176 248
47 111 184 256
47 119 193 265
47 128 202 274
47 136 210 282
48 74 146 218
48 82 154 226
48 90 161 233
48 96 169 241
48 112 184 256
48 120 193 265
48 129 202 274
48 137 210 282
49 75 146 218
49 97 169 241
49 105 176 248
49 113 184 256
49 121 193 265
49 130 202 274
49 138 210 282
50 83 154 227
50 98 169 242
50 106 176 249
50 122 193 266
50 131 202 275
50 139 210 283
51 76 146 219
51 84 154 227
51 91 161 234
51 99 169 242
51 107 176 249
51 114 184 257
51 123 193 266
51 132 202 275
51 140 210 283
52 77 146 219
52 85 154 227
52 92 161 234
52 100 169 242
52 115 184 257
52 124 193 266
52 133 202 275
52 141 210 283
53 78 155 225
53 86 162 232
53 93 170 240
53 101 177 247
53 108 185 255
53 116 194 264
53 125 203 273
54 71 147 217
54 79 155 225
54 87 162 232
54 94 170 240
54 102 177 247
54 109 185 255
54 117 194 264
54 126 203 273
54 134 211 281
55 72 147 217
55 80 155 225
55 88 162 232
55 95 170 240
55 103 177 247
55 110 185 255
55 118 194 264
55 127 203 273
55 135 211 281
56 73 147 218
56 81 155 226
56 89 162 233
56 104 177 248
56 111 185 256
56 119 194 265
56 128 203 274
56 136 211 282
57 74 147 218
57 82 155 226
57 90 162 233
57 96 170 241
57 112 185 256
57 120 194 265
57 129 203 274
57 137 211 282
58 75 147 218
58 97 170 241
58 105 177 248
58 113 185 256
58 121 194 265
58 130 203 274
58 138 211 282
59 83 155 227
59 98 170 242
59 106 177 249
59 122 194 266
59 131 203 275
59 139 211 283
60 76 147 219
60 84 155 227
60 91 162 234
60 99 170 242
60 107 177 249
60 114 185 257
60 123 194 266
60 132 203 275
60 140 211 283
61 77 147 219
61 85 155 227
61 92 162 234
61 100 170 242
61 115 185 257
61 124 194 266
61 133 203 275
61 141 211 283
62 78 156 225
62 86 163 232
62 93 171 240
62 101 178 247
62 108 186 255
62 116 195 264
62 125 204 273
63 71 148 217
63 79 156 225
63 87 163 232
63 94 171 240
63 102 178 247
63 109 186 255
63 117 195 264
63 126 204 273
63 134 212 281
64 72 148 217
64 80 156 225
64 88 163 232
64 95 171 240
64 103 178 247
64 110 186 255
64 118 195 264
64 127 204 273
64 135 212 281
65 73 148 218
65 81 156 226
65 89 163 233
65 104 178 248
65 111 186 256
65 119 195 265
65 128 204 274
65 136 212 282
66 74 148 218
66 82 156 226
66 90 163 233
66 96 171 241
66 112 186 256
66 120 195 265
66 129 204 274
66 137 212 282
67 75 148 218
67 97 171 241
67 105 178 248
67 113 186 256
67 121 195 265
67 130 204 274
67 138 212 282
68 83 156 227
68 98 171 242
68 106 178 249
68 122 195 266
68 131 204 275
68 139 212 283
69 76 148 219
69 84 156 227
69 91 163 234
69 99 171 242
69 107 178 249
69 114 186 257
69 123 195 266
69 132 204 275
69 140 212 283
70 77 148 219
70 85 156 227
70 92 163 234
70 100 171 242
70 115 186 257
70 124 195 266
70 133 204 275
70 141 212 283