284 0 469
c1l1
c3l1
c4l1
c6l1
c7l1
c8l1
c9l1
c1l2
c2l2
c3l2
c5l2
c6l2
c8l2
c9l2
c1l3
c3l3
c4l3
c5l3
c6l3
c7l3
c9l3
c2l4
c3l4
c4l4
c5l4
c6l4
c8l4
c1l5
c2l5
c3l5
c4l5
c6l5
c7l5
c8l5
c9l5
c1l6
c2l6
c3l6
c4l6
c5l6
c6l6
c7l6
c8l6
c9l6
c1l7
c2l7
c3l7
c4l7
c5l7
c6l7
c7l7
c8l7
c9l7
c1l8
c2l8
c3l8
c4l8
c5l8
c6l8
c7l8
c8l8
c9l8
c1l9
c2l9
c3l9
c4l9
c5l9
c6l9
c7l9
c8l9
c9l9
c1n1
c2n1
c3n1
c4n1
c6n1
c8n1
c9n1
c2n2
c3n2
c4n2
c5n2
c6n2
c7n2
c8n2
c9n2
c1n3
c3n3
c4n3
c6n3
c7n3
c8n3
c9n3
c1n4
c2n4
c3n4
c5n4
c6n4
c7n4
c8n4
c1n5
c3n5
c4n5
c5n5
c6n5
c7n5
c8n5
c9n5
c1n6
c2n6
c3n6
c4n6
c5n6
c6n6
c8n6
c9n6
c1n7
c2n7
c3n7
c4n7
c5n7
c6n7
c7n7
c8n7
c9n7
c1n8
c2n8
c3n8
c4n8
c5n8
c6n8
c7n8
c8n8
c9n8
c1n9
c2n9
c3n9
c4n9
c5n9
c6n9
c7n9
c9n9
l3n1
l4n1
l5n1
l6n1
l7n1
l8n1
l9n1
l1n2
l2n2
l3n2
l5n2
l6n2
l7n2
l8n2
l9n2
l2n3
l3n3
l4n3
l6n3
l7n3
l8n3
l9n3
l1n4
l3n4
l5n4
l6n4
l7n4
l8n4
l9n4
l1n5
l2n5
l4n5
l5n5
l6n5
l7n5
l8n5
l9n5
l1n6
l2n6
l3n6
l5n6
l6n6
l7n6
l8n6
l9n6
l1n7
l2n7
l3n7
l4n7
l5n7
l6n7
l7n7
l8n7
l9n7
l1n8
l2n8
l3n8
l4n8
l5n8
l6n8
l7n8
l8n8
l9n8
l1n9
l2n9
l4n9
l5n9
l6n9
l7n9
l8n9
l9n9
b0n1
b3n1
b4n1
b5n1
b6n1
b7n1
b8n1
b0n2
b1n2
b2n2
b4n2
b5n2
b6n2
b7n2
b8n2
b1n3
b2n3
b3n3
b5n3
b6n3
b7n3
b8n3
b0n4
b2n4
b3n4
b4n4
b6n4
b7n4
b8n4
b1n5
b2n5
b3n5
b4n5
b5n5
b6n5
b7n5
b8n5
b0n6
b1n6
b2n6
b3n6
b4n6
b6n6
b7n6
b8n6
b0n7
b1n7
b2n7
b3n7
b4n7
b5n7
b6n7
b7n7
b8n7
b0n8
b1n8
b2n8
b3n8
b4n8
b5n8
b6n8
b7n8
b8n8
b0n9
b1n9
b3n9
b4n9
b5n9
b6n9
b7n9
b8n9
0 93 164 235
0 108 179 250
0 116 187 258
0 125 196 267
0 134 205 276
1 79 149 220
1 95 164 235
1 110 179 250
1 118 187 258
1 127 196 267
1 136 205 276
2 80 149 221
2 102 171 242
2 111 179 251
2 119 187 259
2 128 196 268
2 137 205 277
3 82 149 221
3 104 171 242
3 113 179 251
3 121 187 259
3 130 196 268
3 139 205 277
4 83 149 222
4 98 164 236
4 105 171 243
4 122 187 260
4 131 196 269
5 84 149 222
5 99 164 236
5 106 171 243
5 114 179 252
5 123 187 260
5 132 196 269
6 85 149 222
6 107 171 243
6 115 179 252
6 124 187 260
6 133 196 269
7 108 180 250
7 116 188 258
7 125 197 267
7 134 206 276
8 78 150 220
8 109 180 250
8 117 188 258
8 126 197 267
8 135 206 276
9 79 150 220
9 110 180 250
9 118 188 258
9 127 197 267
9 136 206 276
10 81 150 221
10 103 172 242
10 112 180 251
10 120 188 259
10 129 197 268
10 138 206 277
11 82 150 221
11 89 157 228
11 104 172 242
11 113 180 251
11 121 188 259
11 130 197 268
11 139 206 277
12 84 150 222
12 91 157 229
12 106 172 243
12 114 180 252
12 123 188 260
12 132 197 269
13 85 150 222
13 92 157 229
13 107 172 243
13 115 180 252
13 124 188 260
13 133 197 269
14 71 142 213
14 93 165 235
14 108 181 250
14 116 189 258
14 125 198 267
15 73 142 213
15 79 151 220
15 95 165 235
15 110 181 250
15 118 189 258
15 127 198 267
16 80 151 221
16 88 158 228
16 111 181 251
16 119 189 259
16 128 198 268
17 81 151 221
17 112 181 251
17 120 189 259
17 129 198 268
18 82 151 221
18 89 158 228
18 113 181 251
18 121 189 259
18 130 198 268
19 83 151 222
19 90 158 229
19 98 165 236
19 122 189 260
19 131 198 269
20 85 151 222
20 92 158 229
20 115 181 252
20 124 189 260
20 133 198 269
21 72 143 214
21 117 190 261
21 126 199 270
21 135 207 278
22 73 143 214
22 87 159 230
22 101 173 244
22 118 190 261
22 127 199 270
22 136 207 278
23 74 143 215
23 102 173 245
23 119 190 262
23 128 199 271
23 137 207 279
24 103 173 245
24 120 190 262
24 129 199 271
24 138 207 279
25 75 143 215
25 104 173 245
25 121 190 262
25 130 199 271
25 139 207 279
26 76 143 216
26 91 159 231
26 106 173 246
26 123 190 263
26 132 199 272
27 71 144 214
27 93 166 237
27 100 174 244
27 108 182 253
27 116 191 261
27 125 200 270
27 134 208 278
28 72 144 214
28 94 166 237
28 109 182 253
28 117 191 261
28 126 200 270
28 135 208 278
29 73 144 214
29 95 166 237
29 101 174 244
29 110 182 253
29 118 191 261
29 127 200 270
29 136 208 278
30 74 144 215
30 80 152 223
30 102 174 245
30 111 182 254
30 119 191 262
30 128 200 271
30 137 208 279
31 75 144 215
31 82 152 223
31 97 166 238
31 104 174 245
31 113 182 254
31 121 191 262
31 130 200 271
31 139 208 279
32 83 152 224
32 105 174 246
32 122 191 263
32 131 200 272
32 140 208 280
33 76 144 216
33 84 152 224
33 106 174 246
33 123 191 263
33 132 200 272
34 77 144 216
34 85 152 224
34 107 174 246
34 124 191 263
34 133 200 272
34 141 208 280
35 71 145 214
35 86 160 230
35 93 167 237
35 100 175 244
35 108 183 253
35 116 192 261
35 125 201 270
35 134 209 278
36 72 145 214
36 94 167 237
36 109 183 253
36 117 192 261
36 126 201 270
36 135 209 278
37 73 145 214
37 87 160 230
37 95 167 237
37 101 175 244
37 110 183 253
37 118 192 261
37 127 201 270
37 136 209 278
38 74 145 215
38 80 153 223
38 102 175 245
38 111 183 254
38 119 192 262
38 128 201 271
38 137 209 279
39 81 153 223
39 96 167 238
39 103 175 245
39 112 183 254
39 120 192 262
39 129 201 271
39 138 209 279
40 75 145 215
40 82 153 223
40 97 167 238
40 104 175 245
40 113 183 254
40 121 192 262
40 130 201 271
40 139 209 279
41 83 153 224
41 90 160 231
41 105 175 246
41 122 192 263
41 131 201 272
41 140 209 280
42 76 145 216
42 84 153 224
42 91 160 231
42 106 175 246
42 123 192 263
42 132 201 272
43 77 145 216
43 85 153 224
43 92 160 231
43 107 175 246
43 124 192 263
43 133 201 272
43 141 209 280
44 71 146 217
44 86 161 232
44 93 168 239
44 100 176 247
44 108 184 255
44 116 193 264
44 125 202 273
44 134 210 281
45 72 146 217
45 78 154 225
45 94 168 239
45 109 184 255
45 117 193 264
45 126 202 273
45 135 210 281
46 73 146 217
46 79 154 225
46 87 161 232
46 95 168 239
46 101 176 247
46 110 184 255
46 118 193 264
46 127 202 273
46 136 210 281
47 74 146 218
47 80 154 226
47 88 161 233
47 102 176 248
47 111 184 256
47 119 193 265
47 128 202 274
47 137 210 282
48 81 154 226
48 96 168 240
48 103 176 248
48 112 184 256
48 120 193 265
48 129 202 274
48 138 210 282
49 75 146 218
49 82 154 226
49 89 161 233
49 97 168 240
49 104 176 248
49 113 184 256
49 121 193 265
49 130 202 274
49 139 210 282
50 83 154 227
50 90 161 234
50 98 168 241
50 105 176 249
50 122 193 266
50 131 202 275
50 140 210 283
51 76 146 219
51 84 154 227
51 91 161 234
51 99 168 241
51 106 176 249
51 114 184 257
51 123 193 266
51 132 202 275
52 77 146 219
52 85 154 227
52 92 161 234
52 107 176 249
52 115 184 257
52 124 193 266
52 133 202 275
52 141 210 283
53 71 147 217
53 86 162 232
53 93 169 239
53 100 177 247
53 108 185 255
53 116 194 264
53 125 203 273
53 134 211 281
54 72 147 217
54 78 155 225
54 94 169 239
54 109 185 255
54 117 194 264
54 126 203 273
54 135 211 281
55 73 147 217
55 79 155 225
55 87 162 232
55 95 169 239
55 101 177 247
55 110 185 255
55 118 194 264
55 127 203 273
55 136 211 281
56 74 147 218
56 80 155 226
56 88 162 233
56 102 177 248
56 111 185 256
56 119 194 265
56 128 203 274
56 137 211 282
57 81 155 226
57 96 169 240
57 103 177 248
57 112 185 256
57 120 194 265
57 129 203 274
57 138 211 282
58 75 147 218
58 82 155 226
58 89 162 233
58 97 169 240
58 104 177 248
58 113 185 256
58 121 194 265
58 130 203 274
58 139 211 282
59 83 155 227
59 90 162 234
59 98 169 241
59 105 177 249
59 122 194 266
59 131 203 275
59 140 211 283
60 76 147 219
60 84 155 227
60 91 162 234
60 99 169 241
60 106 177 249
60 114 185 257
60 123 194 266
60 132 203 275
61 77 147 219
61 85 155 227
61 92 162 234
61 107 177 249
61 115 185 257
61 124 194 266
61 133 203 275
61 141 211 283
62 71 148 217
62 86 163 232
62 93 170 239
62 100 178 247
62 108 186 255
62 116 195 264
62 125 204 273
62 134 212 281
63 72 148 217
63 78 156 225
63 94 170 239
63 109 186 255
63 117 195 264
63 126 204 273
63 135 212 281
64 73 148 217
64 79 156 225
64 87 163 232
64 95 170 239
64 101 178 247
64 110 186 255
64 118 195 264
64 127 204 273
64 136 212 281
65 74 148 218
65 80 156 226
65 88 163 233
65 102 178 248
65 111 186 256
65 119 195 265
65 128 204 274
65 137 212 282
66 81 156 226
66 96 170 240
66 103 178 248
66 112 186 256
66 120 195 265
66 129 204 274
66 138 212 282
67 75 148 218
67 82 156 226
67 89 163 233
67 97 170 240
67 104 178 248
67 113 186 256
67 121 195 265
67 130 204 274
67 139 212 282
68 83 156 227
68 90 163 234
68 98 170 241
68 105 178 249
68 122 195 266
68 131 204 275
68 140 212 283
69 76 148 219
69 84 156 227
69 91 163 234
69 99 170 241
69 106 178 249
69 114 186 257
69 123 195 266
69 132 204 275
70 77 148 219
70 85 156 227
70 92 163 234
70 107 178 249
70 115 186 257
70 124 195 266
70 133 204 275
70 141 212 283