264 0 351
c1l1
c3l1
c4l1
c6l1
c7l1
c8l1
c9l1
c1l2
c2l2
c3l2
c5l2
c6l2
c8l2
c9l2
c1l3
c3l3
c4l3
c5l3
c6l3
c7l3
c9l3
c2l4
c3l4
c4l4
c5l4
c6l4
c8l4
c1l5
c2l5
c3l5
c4l5
c7l5
c8l5
c9l5
c2l6
c3l6
c4l6
c5l6
c6l6
c7l6
c8l6
c9l6
c2l7
c3l7
c5l7
c6l7
c7l7
c8l7
c9l7
c1l8
c2l8
c3l8
c4l8
c5l8
c6l8
c7l8
c9l8
c1l9
c2l9
c3l9
c4l9
c5l9
c6l9
c7l9
c8l9
c9l9
c2n1
c3n1
c4n1
c6n1
c8n1
c9n1
c2n2
c3n2
c4n2
c5n2
c6n2
c7n2
c8n2
c9n2
c1n3
c3n3
c4n3
c6n3
c7n3
c8n3
c9n3
c2n4
c3n4
c5n4
c6n4
c7n4
c8n4
c1n5
c3n5
c4n5
c5n5
c7n5
c9n5
c1n6
c2n6
c3n6
c5n6
c6n6
c8n6
c9n6
c1n7
c2n7
c3n7
c4n7
c5n7
c6n7
c7n7
c8n7
c9n7
c1n8
c2n8
c3n8
c4n8
c5n8
c6n8
c7n8
c8n8
c9n8
c1n9
c2n9
c3n9
c4n9
c5n9
c6n9
c7n9
c9n9
l3n1
l4n1
l5n1
l7n1
l8n1
l9n1
l1n2
l2n2
l3n2
l5n2
l6n2
l7n2
l8n2
l9n2
l2n3
l3n3
l4n3
l6n3
l7n3
l8n3
l9n3
l1n4
l3n4
l5n4
l6n4
l8n4
l9n4
l1n5
l2n5
l4n5
l6n5
l7n5
l9n5
l1n6
l2n6
l3n6
l5n6
l6n6
l8n6
l9n6
l1n7
l2n7
l3n7
l4n7
l5n7
l6n7
l7n7
l8n7
l9n7
l1n8
l2n8
l3n8
l4n8
l5n8
l6n8
l7n8
l8n8
l9n8
l1n9
l2n9
l4n9
l5n9
l6n9
l7n9
l8n9
l9n9
b0n1
b4n1
b5n1
b6n1
b7n1
b8n1
b0n2
b1n2
b2n2
b4n2
b5n2
b6n2
b7n2
b8n2
b1n3
b2n3
b3n3
b5n3
b6n3
b7n3
b8n3
b0n4
b2n4
b3n4
b4n4
b7n4
b8n4
b1n5
b2n5
b3n5
b5n5
b6n5
b7n5
b0n6
b1n6
b2n6
b3n6
b4n6
b6n6
b8n6
b0n7
b1n7
b2n7
b3n7
b4n7
b5n7
b6n7
b7n7
b8n7
b0n8
b1n8
b2n8
b3n8
b4n8
b5n8
b6n8
b7n8
b8n8
b0n9
b1n9
b3n9
b4n9
b5n9
b6n9
b7n9
b8n9
0 99 165 231
0 106 172 238
0 115 181 247
0 124 190 256
1 73 138 204
1 88 153 219
1 101 165 231
1 108 172 238
1 117 181 247
1 126 190 256
2 74 138 205
2 95 159 225
2 109 172 239
2 118 181 248
2 127 190 257
3 76 138 205
3 103 165 232
3 111 172 239
3 120 181 248
3 129 190 257
4 77 138 206
4 91 153 220
4 97 159 226
4 112 172 240
4 121 181 249
5 78 138 206
5 92 153 220
5 104 165 233
5 113 172 240
5 122 181 249
6 79 138 206
6 98 159 226
6 105 165 233
6 114 172 240
6 123 181 249
7 99 166 231
7 106 173 238
7 115 182 247
7 124 191 256
8 72 139 204
8 100 166 231
8 107 173 238
8 116 182 247
8 125 191 256
9 73 139 204
9 101 166 231
9 108 173 238
9 117 182 247
9 126 191 256
10 75 139 205
10 96 160 225
10 102 166 232
10 110 173 239
10 119 182 248
10 128 191 257
11 76 139 205
11 83 146 212
11 103 166 232
11 111 173 239
11 120 182 248
11 129 191 257
12 78 139 206
12 85 146 213
12 104 166 233
12 113 173 240
12 122 182 249
13 79 139 206
13 86 146 213
13 98 160 226
13 105 166 233
13 114 173 240
13 123 182 249
14 99 167 231
14 106 174 238
14 115 183 247
15 67 132 198
15 73 140 204
15 88 154 219
15 101 167 231
15 108 174 238
15 117 183 247
16 74 140 205
16 82 147 212
16 109 174 239
16 118 183 248
17 75 140 205
17 102 167 232
17 110 174 239
17 119 183 248
18 76 140 205
18 83 147 212
18 103 167 232
18 111 174 239
18 120 183 248
19 77 140 206
19 84 147 213
19 91 154 220
19 112 174 240
19 121 183 249
20 79 140 206
20 86 147 213
20 105 167 233
20 114 174 240
20 123 183 249
21 107 175 241
21 116 184 250
21 125 192 258
22 81 148 214
22 94 161 227
22 108 175 241
22 117 184 250
22 126 192 258
23 68 133 199
23 109 175 242
23 118 184 251
23 127 192 259
24 110 175 242
24 119 184 251
24 128 192 259
25 69 133 199
25 111 175 242
25 120 184 251
25 129 192 259
26 70 133 200
26 85 148 215
26 113 175 243
26 122 184 252
27 99 168 234
27 106 176 241
27 115 185 250
27 124 193 258
28 87 155 221
28 100 168 234
28 107 176 241
28 116 185 250
28 125 193 258
29 88 155 221
29 101 168 234
29 108 176 241
29 117 185 250
29 126 193 258
30 68 134 199
30 74 141 207
30 109 176 242
30 118 185 251
30 127 193 259
31 77 141 208
31 112 176 243
31 121 185 252
31 130 193 260
32 70 134 200
32 78 141 208
32 113 176 243
32 122 185 252
33 71 134 200
33 79 141 208
33 114 176 243
33 123 185 252
33 131 193 260
34 87 156 221
34 100 169 234
34 107 177 241
34 116 186 250
34 125 194 258
35 81 149 214
35 88 156 221
35 94 162 227
35 101 169 234
35 108 177 241
35 117 186 250
35 126 194 258
36 74 142 207
36 109 177 242
36 118 186 251
36 127 194 259
37 75 142 207
37 89 156 222
37 102 169 235
37 110 177 242
37 119 186 251
37 128 194 259
38 76 142 207
38 90 156 222
38 103 169 235
38 111 177 242
38 120 186 251
38 129 194 259
39 77 142 208
39 84 149 215
39 97 162 228
39 112 177 243
39 121 186 252
39 130 194 260
40 78 142 208
40 85 149 215
40 113 177 243
40 122 186 252
41 79 142 208
41 86 149 215
41 98 162 228
41 114 177 243
41 123 186 252
41 131 194 260
42 66 135 201
42 72 143 209
42 107 178 244
42 116 187 253
42 125 195 261
43 67 135 201
43 73 143 209
43 81 150 216
43 94 163 229
43 108 178 244
43 117 187 253
43 126 195 261
44 75 143 210
44 96 163 230
44 110 178 245
44 119 187 254
44 128 195 262
45 69 135 202
45 76 143 210
45 83 150 217
45 111 178 245
45 120 187 254
45 129 195 262
46 77 143 211
46 84 150 218
46 112 178 246
46 121 187 255
46 130 195 263
47 70 135 203
47 78 143 211
47 85 150 218
47 113 178 246
47 122 187 255
48 71 135 203
48 79 143 211
48 86 150 218
48 114 178 246
48 123 187 255
48 131 195 263
49 80 151 216
49 99 170 236
49 106 179 244
49 115 188 253
49 124 196 261
50 66 136 201
50 72 144 209
50 100 170 236
50 107 179 244
50 116 188 253
50 125 196 261
51 67 136 201
51 73 144 209
51 81 151 216
51 101 170 236
51 108 179 244
51 117 188 253
51 126 196 261
52 68 136 202
52 74 144 210
52 82 151 217
52 109 179 245
52 118 188 254
52 127 196 262
53 75 144 210
53 89 157 223
53 110 179 245
53 119 188 254
53 128 196 262
54 69 136 202
54 76 144 210
54 83 151 217
54 90 157 223
54 111 179 245
54 120 188 254
54 129 196 262
55 77 144 211
55 84 151 218
55 91 157 224
55 112 179 246
55 121 188 255
55 130 196 263
56 71 136 203
56 79 144 211
56 86 151 218
56 105 170 237
56 114 179 246
56 123 188 255
56 131 196 263
57 80 152 216
57 93 164 229
57 99 171 236
57 106 180 244
57 115 189 253
57 124 197 261
58 66 137 201
58 72 145 209
58 100 171 236
58 107 180 244
58 116 189 253
58 125 197 261
59 67 137 201
59 73 145 209
59 81 152 216
59 94 164 229
59 101 171 236
59 108 180 244
59 117 189 253
59 126 197 261
60 68 137 202
60 74 145 210
60 82 152 217
60 95 164 230
60 109 180 245
60 118 189 254
60 127 197 262
61 75 145 210
61 89 158 223
61 96 164 230
61 110 180 245
61 119 189 254
61 128 197 262
62 69 137 202
62 76 145 210
62 83 152 217
62 90 158 223
62 111 180 245
62 120 189 254
62 129 197 262
63 77 145 211
63 84 152 218
63 91 158 224
63 112 180 246
63 121 189 255
63 130 197 263
64 70 137 203
64 78 145 211
64 85 152 218
64 92 158 224
64 104 171 237
64 113 180 246
64 122 189 255
65 71 137 203
65 79 145 211
65 86 152 218
65 105 171 237
65 114 180 246
65 123 189 255
65 131 197 263