316 0 671
c1l1
c2l1
c3l1
c4l1
c5l1
c6l1
c8l1
c9l1
c2l2
c3l2
c4l2
c5l2
c6l2
c7l2
c8l2
c9l2
c1l3
c2l3
c3l3
c4l3
c5l3
c6l3
c7l3
c8l3
c9l3
c1l4
c2l4
c3l4
c4l4
c5l4
c6l4
c7l4
c8l4
c9l4
c1l5
c2l5
c3l5
c4l5
c5l5
c6l5
c7l5
c8l5
c9l5
c1l6
c2l6
c3l6
c4l6
c5l6
c6l6
c7l6
c8l6
c9l6
c1l7
c2l7
c3l7
c4l7
c5l7
c6l7
c7l7
c8l7
c9l7
c1l8
c2l8
c3l8
c4l8
c5l8
c6l8
c7l8
c8l8
c9l8
c1l9
c2l9
c3l9
c4l9
c5l9
c6l9
c7l9
c8l9
c9l9
c2n1
c3n1
c4n1
c5n1
c6n1
c7n1
c8n1
c9n1
c1n2
c2n2
c3n2
c4n2
c5n2
c6n2
c7n2
c8n2
c9n2
c1n3
c2n3
c3n3
c4n3
c5n3
c6n3
c8n3
c9n3
c1n4
c2n4
c3n4
c4n4
c5n4
c6n4
c7n4
c8n4
c9n4
c1n5
c2n5
c3n5
c4n5
c5n5
c6n5
c7n5
c8n5
c9n5
c1n6
c2n6
c3n6
c4n6
c5n6
c6n6
c7n6
c8n6
c9n6
c1n7
c2n7
c3n7
c4n7
c5n7
c6n7
c7n7
c8n7
c9n7
c1n8
c2n8
c3n8
c4n8
c5n8
c6n8
c7n8
c8n8
c9n8
c1n9
c2n9
c3n9
c4n9
c5n9
c6n9
c7n9
c8n9
c9n9
l1n1
l3n1
l4n1
l5n1
l6n1
l7n1
l8n1
l9n1
l1n2
l2n2
l3n2
l4n2
l5n2
l6n2
l7n2
l8n2
l9n2
l2n3
l3n3
l4n3
l5n3
l6n3
l7n3
l8n3
l9n3
l1n4
l2n4
l3n4
l4n4
l5n4
l6n4
l7n4
l8n4
l9n4
l1n5
l2n5
l3n5
l4n5
l5n5
l6n5
l7n5
l8n5
l9n5
l1n6
l2n6
l3n6
l4n6
l5n6
l6n6
l7n6
l8n6
l9n6
l1n7
l2n7
l3n7
l4n7
l5n7
l6n7
l7n7
l8n7
l9n7
l1n8
l2n8
l3n8
l4n8
l5n8
l6n8
l7n8
l8n8
l9n8
l1n9
l2n9
l3n9
l4n9
l5n9
l6n9
l7n9
l8n9
l9n9
b1n1
b2n1
b3n1
b4n1
b5n1
b6n1
b7n1
b8n1
b0n2
b1n2
b2n2
b3n2
b4n2
b5n2
b6n2
b7n2
b8n2
b0n3
b1n3
b3n3
b4n3
b5n3
b6n3
b7n3
b8n3
b0n4
b1n4
b2n4
b3n4
b4n4
b5n4
b6n4
b7n4
b8n4
b0n5
b1n5
b2n5
b3n5
b4n5
b5n5
b6n5
b7n5
b8n5
b0n6
b1n6
b2n6
b3n6
b4n6
b5n6
b6n6
b7n6
b8n6
b0n7
b1n7
b2n7
b3n7
b4n7
b5n7
b6n7
b7n7
b8n7
b0n8
b1n8
b2n8
b3n8
b4n8
b5n8
b6n8
b7n8
b8n8
b0n9
b1n9
b2n9
b3n9
b4n9
b5n9
b6n9
b7n9
b8n9
0 87 166 245
0 104 183 262
0 113 192 271
0 122 201 280
0 131 210 289
0 140 219 298
0 149 228 307
1 88 166 245
1 105 183 262
1 114 192 271
1 123 201 280
1 132 210 289
1 141 219 298
1 150 228 307
2 89 166 245
2 106 183 262
2 115 192 271
2 124 201 280
2 133 210 289
2 142 219 298
2 151 228 307
3 81 158 237
3 90 166 246
3 107 183 263
3 116 192 272
3 125 201 281
3 134 210 290
3 143 219 299
3 152 228 308
4 82 158 237
4 91 166 246
4 108 183 263
4 117 192 272
4 126 201 281
4 135 210 290
4 144 219 299
4 153 228 308
5 83 158 237
5 92 166 246
5 109 183 263
5 118 192 272
5 127 201 281
5 136 210 290
5 145 219 299
5 154 228 308
6 85 158 238
6 94 166 247
6 111 183 264
6 120 192 273
6 129 201 282
6 138 210 291
6 147 219 300
6 156 228 309
7 86 158 238
7 95 166 247
7 112 183 264
7 121 192 273
7 130 201 282
7 139 210 291
7 148 219 300
7 157 228 309
8 88 167 245
8 97 175 254
8 105 184 262
8 114 193 271
8 123 202 280
8 132 211 289
8 141 220 298
8 150 229 307
9 89 167 245
9 98 175 254
9 106 184 262
9 115 193 271
9 124 202 280
9 133 211 289
9 142 220 298
9 151 229 307
10 90 167 246
10 99 175 255
10 107 184 263
10 116 193 272
10 125 202 281
10 134 211 290
10 143 220 299
10 152 229 308
11 91 167 246
11 100 175 255
11 108 184 263
11 117 193 272
11 126 202 281
11 135 211 290
11 144 220 299
11 153 229 308
12 92 167 246
12 101 175 255
12 109 184 263
12 118 193 272
12 127 202 281
12 136 211 290
12 145 220 299
12 154 229 308
13 93 167 247
13 110 184 264
13 119 193 273
13 128 202 282
13 137 211 291
13 146 220 300
13 155 229 309
14 94 167 247
14 111 184 264
14 120 193 273
14 129 202 282
14 138 211 291
14 147 220 300
14 156 229 309
15 95 167 247
15 112 184 264
15 121 193 273
15 130 202 282
15 139 211 291
15 148 220 300
15 157 229 309
16 87 168 245
16 96 176 254
16 104 185 262
16 113 194 271
16 122 203 280
16 131 212 289
16 140 221 298
16 149 230 307
17 88 168 245
17 97 176 254
17 105 185 262
17 114 194 271
17 123 203 280
17 132 212 289
17 141 221 298
17 150 230 307
18 89 168 245
18 98 176 254
18 106 185 262
18 115 194 271
18 124 203 280
18 133 212 289
18 142 221 298
18 151 230 307
19 81 159 237
19 90 168 246
19 99 176 255
19 107 185 263
19 116 194 272
19 125 203 281
19 134 212 290
19 143 221 299
19 152 230 308
20 82 159 237
20 91 168 246
20 100 176 255
20 108 185 263
20 117 194 272
20 126 203 281
20 135 212 290
20 144 221 299
20 153 230 308
21 83 159 237
21 92 168 246
21 101 176 255
21 109 185 263
21 118 194 272
21 127 203 281
21 136 212 290
21 145 221 299
21 154 230 308
22 84 159 238
22 93 168 247
22 110 185 264
22 119 194 273
22 128 203 282
22 137 212 291
22 146 221 300
22 155 230 309
23 85 159 238
23 94 168 247
23 111 185 264
23 120 194 273
23 129 203 282
23 138 212 291
23 147 221 300
23 156 230 309
24 86 159 238
24 95 168 247
24 112 185 264
24 121 194 273
24 130 203 282
24 139 212 291
24 148 221 300
24 157 230 309
25 87 169 248
25 96 177 256
25 104 186 265
25 113 195 274
25 122 204 283
25 131 213 292
25 140 222 301
25 149 231 310
26 79 160 239
26 88 169 248
26 97 177 256
26 105 186 265
26 114 195 274
26 123 204 283
26 132 213 292
26 141 222 301
26 150 231 310
27 80 160 239
27 89 169 248
27 98 177 256
27 106 186 265
27 115 195 274
27 124 204 283
27 133 213 292
27 142 222 301
27 151 231 310
28 81 160 240
28 90 169 249
28 99 177 257
28 107 186 266
28 116 195 275
28 125 204 284
28 134 213 293
28 143 222 302
28 152 231 311
29 82 160 240
29 91 169 249
29 100 177 257
29 108 186 266
29 117 195 275
29 126 204 284
29 135 213 293
29 144 222 302
29 153 231 311
30 83 160 240
30 92 169 249
30 101 177 257
30 109 186 266
30 118 195 275
30 127 204 284
30 136 213 293
30 145 222 302
30 154 231 311
31 84 160 241
31 93 169 250
31 110 186 267
31 119 195 276
31 128 204 285
31 137 213 294
31 146 222 303
31 155 231 312
32 85 160 241
32 94 169 250
32 102 177 258
32 111 186 267
32 120 195 276
32 129 204 285
32 138 213 294
32 147 222 303
32 156 231 312
33 86 160 241
33 95 169 250
33 103 177 258
33 112 186 267
33 121 195 276
33 130 204 285
33 139 213 294
33 148 222 303
33 157 231 312
34 87 170 248
34 96 178 256
34 104 187 265
34 113 196 274
34 122 205 283
34 131 214 292
34 140 223 301
34 149 232 310
35 79 161 239
35 88 170 248
35 97 178 256
35 105 187 265
35 114 196 274
35 123 205 283
35 132 214 292
35 141 223 301
35 150 232 310
36 80 161 239
36 89 170 248
36 98 178 256
36 106 187 265
36 115 196 274
36 124 205 283
36 133 214 292
36 142 223 301
36 151 232 310
37 81 161 240
37 90 170 249
37 99 178 257
37 107 187 266
37 116 196 275
37 125 205 284
37 134 214 293
37 143 223 302
37 152 232 311
38 82 161 240
38 91 170 249
38 100 178 257
38 108 187 266
38 117 196 275
38 126 205 284
38 135 214 293
38 144 223 302
38 153 232 311
39 83 161 240
39 92 170 249
39 101 178 257
39 109 187 266
39 118 196 275
39 127 205 284
39 136 214 293
39 145 223 302
39 154 232 311
40 84 161 241
40 93 170 250
40 110 187 267
40 119 196 276
40 128 205 285
40 137 214 294
40 146 223 303
40 155 232 312
41 85 161 241
41 94 170 250
41 102 178 258
41 111 187 267
41 120 196 276
41 129 205 285
41 138 214 294
41 147 223 303
41 156 232 312
42 86 161 241
42 95 170 250
42 103 178 258
42 112 187 267
42 121 196 276
42 130 205 285
42 139 214 294
42 148 223 303
42 157 232 312
43 87 171 248
43 96 179 256
43 104 188 265
43 113 197 274
43 122 206 283
43 131 215 292
43 140 224 301
43 149 233 310
44 79 162 239
44 88 171 248
44 97 179 256
44 105 188 265
44 114 197 274
44 123 206 283
44 132 215 292
44 141 224 301
44 150 233 310
45 80 162 239
45 89 171 248
45 98 179 256
45 106 188 265
45 115 197 274
45 124 206 283
45 133 215 292
45 142 224 301
45 151 233 310
46 81 162 240
46 90 171 249
46 99 179 257
46 107 188 266
46 116 197 275
46 125 206 284
46 134 215 293
46 143 224 302
46 152 233 311
47 82 162 240
47 91 171 249
47 100 179 257
47 108 188 266
47 117 197 275
47 126 206 284
47 135 215 293
47 144 224 302
47 153 233 311
48 83 162 240
48 92 171 249
48 101 179 257
48 109 188 266
48 118 197 275
48 127 206 284
48 136 215 293
48 145 224 302
48 154 233 311
49 84 162 241
49 93 171 250
49 110 188 267
49 119 197 276
49 128 206 285
49 137 215 294
49 146 224 303
49 155 233 312
50 85 162 241
50 94 171 250
50 102 179 258
50 111 188 267
50 120 197 276
50 129 206 285
50 138 215 294
50 147 224 303
50 156 233 312
51 86 162 241
51 95 171 250
51 103 179 258
51 112 188 267
51 121 197 276
51 130 206 285
51 139 215 294
51 148 224 303
51 157 233 312
52 87 172 251
52 96 180 259
52 104 189 268
52 113 198 277
52 122 207 286
52 131 216 295
52 140 225 304
52 149 234 313
53 79 163 242
53 88 172 251
53 97 180 259
53 105 189 268
53 114 198 277
53 123 207 286
53 132 216 295
53 141 225 304
53 150 234 313
54 80 163 242
54 89 172 251
54 98 180 259
54 106 189 268
54 115 198 277
54 124 207 286
54 133 216 295
54 142 225 304
54 151 234 313
55 81 163 243
55 90 172 252
55 99 180 260
55 107 189 269
55 116 198 278
55 125 207 287
55 134 216 296
55 143 225 305
55 152 234 314
56 82 163 243
56 91 172 252
56 100 180 260
56 108 189 269
56 117 198 278
56 126 207 287
56 135 216 296
56 144 225 305
56 153 234 314
57 83 163 243
57 92 172 252
57 101 180 260
57 109 189 269
57 118 198 278
57 127 207 287
57 136 216 296
57 145 225 305
57 154 234 314
58 84 163 244
58 93 172 253
58 110 189 270
58 119 198 279
58 128 207 288
58 137 216 297
58 146 225 306
58 155 234 315
59 85 163 244
59 94 172 253
59 102 180 261
59 111 189 270
59 120 198 279
59 129 207 288
59 138 216 297
59 147 225 306
59 156 234 315
60 86 163 244
60 95 172 253
60 103 180 261
60 112 189 270
60 121 198 279
60 130 207 288
60 139 216 297
60 148 225 306
60 157 234 315
61 87 173 251
61 96 181 259
61 104 190 268
61 113 199 277
61 122 208 286
61 131 217 295
61 140 226 304
61 149 235 313
62 79 164 242
62 88 173 251
62 97 181 259
62 105 190 268
62 114 199 277
62 123 208 286
62 132 217 295
62 141 226 304
62 150 235 313
63 80 164 242
63 89 173 251
63 98 181 259
63 106 190 268
63 115 199 277
63 124 208 286
63 133 217 295
63 142 226 304
63 151 235 313
64 81 164 243
64 90 173 252
64 99 181 260
64 107 190 269
64 116 199 278
64 125 208 287
64 134 217 296
64 143 226 305
64 152 235 314
65 82 164 243
65 91 173 252
65 100 181 260
65 108 190 269
65 117 199 278
65 126 208 287
65 135 217 296
65 144 226 305
65 153 235 314
66 83 164 243
66 92 173 252
66 101 181 260
66 109 190 269
66 118 199 278
66 127 208 287
66 136 217 296
66 145 226 305
66 154 235 314
67 84 164 244
67 93 173 253
67 110 190 270
67 119 199 279
67 128 208 288
67 137 217 297
67 146 226 306
67 155 235 315
68 85 164 244
68 94 173 253
68 102 181 261
68 111 190 270
68 120 199 279
68 129 208 288
68 138 217 297
68 147 226 306
68 156 235 315
69 86 164 244
69 95 173 253
69 103 181 261
69 112 190 270
69 121 199 279
69 130 208 288
69 139 217 297
69 148 226 306
69 157 235 315
70 87 174 251
70 96 182 259
70 104 191 268
70 113 200 277
70 122 209 286
70 131 218 295
70 140 227 304
70 149 236 313
71 79 165 242
71 88 174 251
71 97 182 259
71 105 191 268
71 114 200 277
71 123 209 286
71 132 218 295
71 141 227 304
71 150 236 313
72 80 165 242
72 89 174 251
72 98 182 259
72 106 191 268
72 115 200 277
72 124 209 286
72 133 218 295
72 142 227 304
72 151 236 313
73 81 165 243
73 90 174 252
73 99 182 260
73 107 191 269
73 116 200 278
73 125 209 287
73 134 218 296
73 143 227 305
73 152 236 314
74 82 165 243
74 91 174 252
74 100 182 260
74 108 191 269
74 117 200 278
74 126 209 287
74 135 218 296
74 144 227 305
74 153 236 314
75 83 165 243
75 92 174 252
75 101 182 260
75 109 191 269
75 118 200 278
75 127 209 287
75 136 218 296
75 145 227 305
75 154 236 314
76 84 165 244
76 93 174 253
76 110 191 270
76 119 200 279
76 128 209 288
76 137 218 297
76 146 227 306
76 155 236 315
77 85 165 244
77 94 174 253
77 102 182 261
77 111 191 270
77 120 200 279
77 129 209 288
77 138 218 297
77 147 227 306
77 156 236 315
78 86 165 244
78 95 174 253
78 103 182 261
78 112 191 270
78 121 200 279
78 130 209 288
78 139 218 297
78 148 227 306
78 157 236 315