232 0 255
c1l1
c2l1
c4l1
c6l1
c7l1
c8l1
c9l1
c4l2
c5l2
c6l2
c7l2
c9l2
c2l3
c5l3
c6l3
c8l3
c9l3
c2l4
c3l4
c4l4
c6l4
c7l4
c8l4
c1l5
c3l5
c5l5
c6l5
c7l5
c1l6
c4l6
c5l6
c7l6
c9l6
c1l7
c2l7
c3l7
c6l7
c7l7
c8l7
c9l7
c1l8
c2l8
c3l8
c4l8
c5l8
c6l8
c7l8
c8l8
c9l8
c1l9
c2l9
c3l9
c4l9
c5l9
c6l9
c7l9
c8l9
c9l9
c1n1
c3n1
c4n1
c6n1
c7n1
c8n1
c9n1
c2n2
c3n2
c5n2
c6n2
c7n2
c8n2
c1n3
c4n3
c5n3
c6n3
c9n3
c2n4
c3n4
c4n4
c5n4
c7n4
c8n4
c9n4
c2n5
c5n5
c6n5
c7n5
c8n5
c9n5
c1n6
c2n6
c4n6
c6n6
c7n6
c9n6
c1n7
c3n7
c4n7
c5n7
c6n7
c7n7
c8n7
c9n7
c1n8
c2n8
c4n8
c6n8
c7n8
c8n8
c9n8
c1n9
c2n9
c3n9
c5n9
c6n9
c7n9
l3n1
l4n1
l5n1
l6n1
l7n1
l8n1
l9n1
l1n2
l2n2
l4n2
l6n2
l8n2
l9n2
l2n3
l4n3
l7n3
l8n3
l9n3
l1n4
l3n4
l4n4
l5n4
l7n4
l8n4
l9n4
l1n5
l5n5
l6n5
l7n5
l8n5
l9n5
l1n6
l2n6
l4n6
l5n6
l8n6
l9n6
l1n7
l2n7
l3n7
l4n7
l6n7
l7n7
l8n7
l9n7
l1n8
l2n8
l3n8
l5n8
l7n8
l8n8
l9n8
l1n9
l3n9
l6n9
l7n9
l8n9
l9n9
b2n1
b3n1
b4n1
b5n1
b6n1
b7n1
b8n1
b1n2
b2n2
b3n2
b4n2
b6n2
b8n2
b1n3
b4n3
b6n3
b7n3
b8n3
b1n4
b2n4
b3n4
b5n4
b6n4
b7n4
b8n4
b2n5
b4n5
b5n5
b6n5
b7n5
b8n5
b1n6
b2n6
b3n6
b4n6
b6n6
b8n6
b0n7
b1n7
b2n7
b4n7
b5n7
b6n7
b7n7
b8n7
b0n8
b1n8
b2n8
b5n8
b6n8
b7n8
b8n8
b0n9
b1n9
b3n9
b6n9
b7n9
b8n9
0 95 153 211
0 103 161 219
0 110 168 226
1 104 161 219
1 111 168 226
2 78 134 192
2 91 147 205
2 97 153 212
2 105 161 220
3 68 123 181
3 92 147 205
3 99 153 212
3 106 161 220
3 114 168 227
4 69 123 182
4 80 134 193
4 86 141 199
4 93 147 206
4 100 153 213
4 107 161 221
5 70 123 182
5 81 134 193
5 87 141 199
5 101 153 213
5 108 161 221
6 82 134 193
6 88 141 199
6 94 147 206
6 102 153 213
6 109 161 221
7 72 129 187
7 91 148 205
7 97 154 212
7 105 162 220
8 67 124 181
8 73 129 187
8 98 154 212
9 68 124 181
9 74 129 187
9 92 148 205
9 99 154 212
9 106 162 220
10 69 124 182
10 93 148 206
10 100 154 213
10 107 162 221
11 94 148 206
11 102 154 213
11 109 162 221
12 104 163 219
12 111 169 226
13 79 135 192
13 98 155 212
13 113 169 227
14 99 155 212
14 106 163 220
14 114 169 227
15 63 116 174
15 81 135 193
15 101 155 213
15 108 163 221
16 64 116 174
16 82 135 193
16 102 155 213
16 109 163 221
17 65 125 183
17 76 136 194
17 90 149 207
18 59 117 175
18 66 125 183
18 77 136 194
19 60 117 176
19 72 130 188
19 91 149 208
19 97 156 214
20 61 117 176
20 68 125 184
20 74 130 188
20 92 149 208
20 99 156 214
21 62 117 177
21 80 136 195
21 100 156 215
22 63 117 177
22 81 136 195
22 101 156 215
23 58 118 175
23 89 150 207
24 59 118 175
24 77 137 194
25 84 142 200
26 61 118 176
26 85 142 200
26 92 150 208
27 62 118 177
27 80 137 195
27 86 142 201
27 107 164 222
28 58 119 175
28 110 170 228
29 60 119 176
29 97 157 214
30 67 126 184
30 84 143 200
30 98 157 214
31 62 119 177
31 86 143 201
31 100 157 215
32 64 119 177
32 88 143 201
32 102 157 215
33 58 120 178
33 71 131 189
33 95 158 216
33 103 165 223
33 110 171 229
34 76 138 196
34 83 144 202
34 104 165 223
34 111 171 229
35 59 120 178
35 77 138 196
35 96 158 216
35 112 171 229
36 61 120 179
36 74 131 190
36 85 144 203
36 99 158 217
36 106 165 224
36 114 171 230
37 62 120 180
37 80 138 198
37 86 144 204
37 100 158 218
37 107 165 225
37 115 171 231
38 63 120 180
38 81 138 198
38 87 144 204
38 101 158 218
38 108 165 225
39 64 120 180
39 75 131 191
39 82 138 198
39 88 144 204
39 102 158 218
39 109 165 225
40 58 121 178
40 71 132 189
40 89 151 209
40 95 159 216
40 103 166 223
40 110 172 229
41 65 127 185
41 76 139 196
41 83 145 202
41 90 151 209
41 104 166 223
41 111 172 229
42 59 121 178
42 66 127 185
42 77 139 196
42 96 159 216
42 112 172 229
43 60 121 179
43 72 132 190
43 78 139 197
43 97 159 217
43 105 166 224
44 73 132 190
44 79 139 197
44 84 145 203
44 98 159 217
44 113 172 230
45 61 121 179
45 74 132 190
45 85 145 203
45 99 159 217
45 106 166 224
45 114 172 230
46 62 121 180
46 69 127 186
46 80 139 198
46 86 145 204
46 93 151 210
46 100 159 218
46 107 166 225
46 115 172 231
47 63 121 180
47 70 127 186
47 81 139 198
47 87 145 204
47 101 159 218
47 108 166 225
48 64 121 180
48 75 132 191
48 82 139 198
48 88 145 204
48 94 151 210
48 102 159 218
48 109 166 225
49 58 122 178
49 71 133 189
49 89 152 209
49 95 160 216
49 103 167 223
49 110 173 229
50 65 128 185
50 76 140 196
50 83 146 202
50 90 152 209
50 104 167 223
50 111 173 229
51 59 122 178
51 66 128 185
51 77 140 196
51 96 160 216
51 112 173 229
52 60 122 179
52 72 133 190
52 78 140 197
52 97 160 217
52 105 167 224
53 73 133 190
53 79 140 197
53 84 146 203
53 98 160 217
53 113 173 230
54 61 122 179
54 74 133 190
54 85 146 203
54 99 160 217
54 106 167 224
54 114 173 230
55 62 122 180
55 69 128 186
55 80 140 198
55 86 146 204
55 93 152 210
55 100 160 218
55 107 167 225
55 115 173 231
56 63 122 180
56 70 128 186
56 81 140 198
56 87 146 204
56 101 160 218
56 108 167 225
57 64 122 180
57 75 133 191
57 82 140 198
57 88 146 204
57 94 152 210
57 102 160 218
57 109 167 225