240 0 297
c1l1
c2l1
c4l1
c6l1
c7l1
c8l1
c9l1
c4l2
c5l2
c6l2
c7l2
c9l2
c2l3
c5l3
c6l3
c8l3
c9l3
c2l4
c3l4
c4l4
c6l4
c7l4
c8l4
c1l5
c3l5
c5l5
c6l5
c7l5
c1l6
c4l6
c5l6
c7l6
c9l6
c1l7
c2l7
c3l7
c4l7
c5l7
c6l7
c7l7
c8l7
c9l7
c1l8
c2l8
c3l8
c4l8
c5l8
c6l8
c7l8
c8l8
c9l8
c1l9
c2l9
c3l9
c4l9
c5l9
c6l9
c7l9
c8l9
c9l9
c1n1
c3n1
c4n1
c6n1
c7n1
c8n1
c9n1
c2n2
c3n2
c4n2
c5n2
c6n2
c7n2
c8n2
c1n3
c4n3
c5n3
c6n3
c9n3
c2n4
c3n4
c4n4
c5n4
c7n4
c8n4
c9n4
c2n5
c5n5
c6n5
c7n5
c8n5
c9n5
c1n6
c2n6
c4n6
c5n6
c6n6
c7n6
c9n6
c1n7
c3n7
c4n7
c5n7
c6n7
c7n7
c8n7
c9n7
c1n8
c2n8
c4n8
c6n8
c7n8
c8n8
c9n8
c1n9
c2n9
c3n9
c5n9
c6n9
c7n9
l3n1
l4n1
l5n1
l6n1
l7n1
l8n1
l9n1
l1n2
l2n2
l4n2
l6n2
l7n2
l8n2
l9n2
l2n3
l4n3
l7n3
l8n3
l9n3
l1n4
l3n4
l4n4
l5n4
l7n4
l8n4
l9n4
l1n5
l5n5
l6n5
l7n5
l8n5
l9n5
l1n6
l2n6
l4n6
l5n6
l7n6
l8n6
l9n6
l1n7
l2n7
l3n7
l4n7
l6n7
l7n7
l8n7
l9n7
l1n8
l2n8
l3n8
l5n8
l7n8
l8n8
l9n8
l1n9
l3n9
l6n9
l7n9
l8n9
l9n9
b2n1
b3n1
b4n1
b5n1
b6n1
b7n1
b8n1
b1n2
b2n2
b3n2
b4n2
b6n2
b7n2
b8n2
b1n3
b4n3
b6n3
b7n3
b8n3
b1n4
b2n4
b3n4
b5n4
b6n4
b7n4
b8n4
b2n5
b4n5
b5n5
b6n5
b7n5
b8n5
b1n6
b2n6
b3n6
b4n6
b6n6
b7n6
b8n6
b0n7
b1n7
b2n7
b4n7
b5n7
b6n7
b7n7
b8n7
b0n8
b1n8
b2n8
b5n8
b6n8
b7n8
b8n8
b0n9
b1n9
b3n9
b6n9
b7n9
b8n9
0 99 159 219
0 107 167 227
0 114 174 234
1 108 167 227
1 115 174 234
2 69 127 187
2 81 139 199
2 94 152 212
2 101 159 220
2 109 167 228
3 71 127 187
3 96 152 212
3 103 159 220
3 110 167 228
3 118 174 235
4 72 127 188
4 83 139 200
4 89 146 206
4 97 152 213
4 104 159 221
4 111 167 229
5 73 127 188
5 84 139 200
5 90 146 206
5 105 159 221
5 112 167 229
6 85 139 200
6 91 146 206
6 98 152 213
6 106 159 221
6 113 167 229
7 69 128 187
7 75 134 194
7 94 153 212
7 101 160 220
7 109 168 228
8 70 128 187
8 76 134 194
8 95 153 212
8 102 160 220
9 71 128 187
9 77 134 194
9 96 153 212
9 103 160 220
9 110 168 228
10 72 128 188
10 97 153 213
10 104 160 221
10 111 168 229
11 98 153 213
11 106 160 221
11 113 168 229
12 108 169 227
12 115 175 234
13 82 140 199
13 102 161 220
13 117 175 235
14 103 161 220
14 110 169 228
14 118 175 235
15 65 120 180
15 84 140 200
15 105 161 221
15 112 169 229
16 66 120 180
16 85 140 200
16 106 161 221
16 113 169 229
17 67 129 189
17 79 141 201
17 93 154 214
18 61 121 181
18 68 129 189
18 80 141 201
19 62 121 182
19 69 129 190
19 75 135 195
19 94 154 215
19 101 162 222
20 63 121 182
20 71 129 190
20 77 135 195
20 96 154 215
20 103 162 222
21 64 121 183
21 83 141 202
21 104 162 223
22 65 121 183
22 84 141 202
22 105 162 223
23 60 122 181
23 92 155 214
24 61 122 181
24 80 142 201
25 87 147 207
25 95 155 215
26 63 122 182
26 88 147 207
26 96 155 215
27 64 122 183
27 83 142 202
27 89 147 208
27 111 170 230
28 60 123 181
28 114 176 236
29 62 123 182
29 69 130 190
29 101 163 222
30 70 130 190
30 87 148 207
30 102 163 222
31 64 123 183
31 89 148 208
31 104 163 223
32 66 123 183
32 91 148 208
32 106 163 223
33 60 124 184
33 74 136 196
33 92 156 216
33 99 164 224
33 107 171 231
33 114 177 237
34 67 131 191
34 79 143 203
34 86 149 209
34 93 156 216
34 108 171 231
34 115 177 237
35 61 124 184
35 68 131 191
35 80 143 203
35 100 164 224
35 116 177 237
36 62 124 185
36 69 131 192
36 75 136 197
36 81 143 204
36 94 156 217
36 101 164 225
36 109 171 232
37 70 131 192
37 76 136 197
37 82 143 204
37 87 149 210
37 95 156 217
37 102 164 225
37 117 177 238
38 63 124 185
38 71 131 192
38 77 136 197
38 88 149 210
38 96 156 217
38 103 164 225
38 110 171 232
38 118 177 238
39 64 124 186
39 72 131 193
39 83 143 205
39 89 149 211
39 97 156 218
39 104 164 226
39 111 171 233
39 119 177 239
40 65 124 186
40 73 131 193
40 84 143 205
40 90 149 211
40 105 164 226
40 112 171 233
41 66 124 186
41 78 136 198
41 85 143 205
41 91 149 211
41 98 156 218
41 106 164 226
41 113 171 233
42 60 125 184
42 74 137 196
42 92 157 216
42 99 165 224
42 107 172 231
42 114 178 237
43 67 132 191
43 79 144 203
43 86 150 209
43 93 157 216
43 108 172 231
43 115 178 237
44 61 125 184
44 68 132 191
44 80 144 203
44 100 165 224
44 116 178 237
45 62 125 185
45 69 132 192
45 75 137 197
45 81 144 204
45 94 157 217
45 101 165 225
45 109 172 232
46 70 132 192
46 76 137 197
46 82 144 204
46 87 150 210
46 95 157 217
46 102 165 225
46 117 178 238
47 63 125 185
47 71 132 192
47 77 137 197
47 88 150 210
47 96 157 217
47 103 165 225
47 110 172 232
47 118 178 238
48 64 125 186
48 72 132 193
48 83 144 205
48 89 150 211
48 97 157 218
48 104 165 226
48 111 172 233
48 119 178 239
49 65 125 186
49 73 132 193
49 84 144 205
49 90 150 211
49 105 165 226
49 112 172 233
50 66 125 186
50 78 137 198
50 85 144 205
50 91 150 211
50 98 157 218
50 106 165 226
50 113 172 233
51 60 126 184
51 74 138 196
51 92 158 216
51 99 166 224
51 107 173 231
51 114 179 237
52 67 133 191
52 79 145 203
52 86 151 209
52 93 158 216
52 108 173 231
52 115 179 237
53 61 126 184
53 68 133 191
53 80 145 203
53 100 166 224
53 116 179 237
54 62 126 185
54 69 133 192
54 75 138 197
54 81 145 204
54 94 158 217
54 101 166 225
54 109 173 232
55 70 133 192
55 76 138 197
55 82 145 204
55 87 151 210
55 95 158 217
55 102 166 225
55 117 179 238
56 63 126 185
56 71 133 192
56 77 138 197
56 88 151 210
56 96 158 217
56 103 166 225
56 110 173 232
56 118 179 238
57 64 126 186
57 72 133 193
57 83 145 205
57 89 151 211
57 97 158 218
57 104 166 226
57 111 173 233
57 119 179 239
58 65 126 186
58 73 133 193
58 84 145 205
58 90 151 211
58 105 166 226
58 112 173 233
59 66 126 186
59 78 138 198
59 85 145 205
59 91 151 211
59 98 158 218
59 106 166 226
59 113 173 233