312 0 644
c1l1
c2l1
c3l1
c4l1
c5l1
c6l1
c8l1
c9l1
c2l2
c3l2
c5l2
c6l2
c7l2
c8l2
c9l2
c1l3
c2l3
c3l3
c4l3
c5l3
c6l3
c7l3
c8l3
c9l3
c1l4
c2l4
c3l4
c4l4
c5l4
c6l4
c7l4
c8l4
c9l4
c1l5
c2l5
c3l5
c4l5
c5l5
c6l5
c7l5
c8l5
c9l5
c1l6
c2l6
c3l6
c4l6
c5l6
c6l6
c7l6
c8l6
c9l6
c1l7
c2l7
c3l7
c4l7
c5l7
c6l7
c7l7
c8l7
c9l7
c1l8
c2l8
c3l8
c4l8
c5l8
c6l8
c7l8
c8l8
c9l8
c1l9
c2l9
c3l9
c4l9
c5l9
c6l9
c7l9
c8l9
c9l9
c2n1
c3n1
c4n1
c5n1
c6n1
c7n1
c8n1
c9n1
c1n2
c2n2
c3n2
c4n2
c5n2
c6n2
c7n2
c8n2
c9n2
c1n3
c2n3
c3n3
c4n3
c5n3
c6n3
c8n3
c9n3
c1n4
c2n4
c3n4
c5n4
c6n4
c7n4
c8n4
c9n4
c1n5
c2n5
c3n5
c4n5
c5n5
c6n5
c7n5
c8n5
c9n5
c1n6
c2n6
c3n6
c4n6
c5n6
c6n6
c7n6
c8n6
c9n6
c1n7
c2n7
c3n7
c4n7
c5n7
c6n7
c7n7
c8n7
c9n7
c1n8
c2n8
c3n8
c4n8
c5n8
c6n8
c7n8
c8n8
c9n8
c1n9
c2n9
c3n9
c4n9
c5n9
c6n9
c7n9
c8n9
c9n9
l1n1
l3n1
l4n1
l5n1
l6n1
l7n1
l8n1
l9n1
l1n2
l2n2
l3n2
l4n2
l5n2
l6n2
l7n2
l8n2
l9n2
l2n3
l3n3
l4n3
l5n3
l6n3
l7n3
l8n3
l9n3
l1n4
l3n4
l4n4
l5n4
l6n4
l7n4
l8n4
l9n4
l1n5
l2n5
l3n5
l4n5
l5n5
l6n5
l7n5
l8n5
l9n5
l1n6
l2n6
l3n6
l4n6
l5n6
l6n6
l7n6
l8n6
l9n6
l1n7
l2n7
l3n7
l4n7
l5n7
l6n7
l7n7
l8n7
l9n7
l1n8
l2n8
l3n8
l4n8
l5n8
l6n8
l7n8
l8n8
l9n8
l1n9
l2n9
l3n9
l4n9
l5n9
l6n9
l7n9
l8n9
l9n9
b1n1
b2n1
b3n1
b4n1
b5n1
b6n1
b7n1
b8n1
b0n2
b1n2
b2n2
b3n2
b4n2
b5n2
b6n2
b7n2
b8n2
b0n3
b1n3
b3n3
b4n3
b5n3
b6n3
b7n3
b8n3
b0n4
b2n4
b3n4
b4n4
b5n4
b6n4
b7n4
b8n4
b0n5
b1n5
b2n5
b3n5
b4n5
b5n5
b6n5
b7n5
b8n5
b0n6
b1n6
b2n6
b3n6
b4n6
b5n6
b6n6
b7n6
b8n6
b0n7
b1n7
b2n7
b3n7
b4n7
b5n7
b6n7
b7n7
b8n7
b0n8
b1n8
b2n8
b3n8
b4n8
b5n8
b6n8
b7n8
b8n8
b0n9
b1n9
b2n9
b3n9
b4n9
b5n9
b6n9
b7n9
b8n9
0 86 164 242
0 103 181 259
0 111 189 267
0 120 198 276
0 129 207 285
0 138 216 294
0 147 225 303
1 87 164 242
1 104 181 259
1 112 189 267
1 121 198 276
1 130 207 285
1 139 216 294
1 148 225 303
2 88 164 242
2 105 181 259
2 113 189 267
2 122 198 276
2 131 207 285
2 140 216 294
2 149 225 303
3 80 156 234
3 89 164 243
3 114 189 268
3 123 198 277
3 132 207 286
3 141 216 295
3 150 225 304
4 81 156 234
4 90 164 243
4 115 189 268
4 124 198 277
4 133 207 286
4 142 216 295
4 151 225 304
5 82 156 234
5 91 164 243
5 116 189 268
5 125 198 277
5 134 207 286
5 143 216 295
5 152 225 304
6 84 156 235
6 93 164 244
6 109 181 260
6 118 189 269
6 127 198 278
6 136 207 287
6 145 216 296
6 154 225 305
7 85 156 235
7 94 164 244
7 110 181 260
7 119 189 269
7 128 198 278
7 137 207 287
7 146 216 296
7 155 225 305
8 87 165 242
8 96 173 251
8 112 190 267
8 121 199 276
8 130 208 285
8 139 217 294
8 148 226 303
9 88 165 242
9 97 173 251
9 113 190 267
9 122 199 276
9 131 208 285
9 140 217 294
9 149 226 303
10 90 165 243
10 99 173 252
10 115 190 268
10 124 199 277
10 133 208 286
10 142 217 295
10 151 226 304
11 91 165 243
11 100 173 252
11 116 190 268
11 125 199 277
11 134 208 286
11 143 217 295
11 152 226 304
12 92 165 244
12 117 190 269
12 126 199 278
12 135 208 287
12 144 217 296
12 153 226 305
13 93 165 244
13 118 190 269
13 127 199 278
13 136 208 287
13 145 217 296
13 154 226 305
14 94 165 244
14 119 190 269
14 128 199 278
14 137 208 287
14 146 217 296
14 155 226 305
15 86 166 242
15 95 174 251
15 103 182 259
15 111 191 267
15 120 200 276
15 129 209 285
15 138 218 294
15 147 227 303
16 87 166 242
16 96 174 251
16 104 182 259
16 112 191 267
16 121 200 276
16 130 209 285
16 139 218 294
16 148 227 303
17 88 166 242
17 97 174 251
17 105 182 259
17 113 191 267
17 122 200 276
17 131 209 285
17 140 218 294
17 149 227 303
18 80 157 234
18 89 166 243
18 98 174 252
18 114 191 268
18 123 200 277
18 132 209 286
18 141 218 295
18 150 227 304
19 81 157 234
19 90 166 243
19 99 174 252
19 115 191 268
19 124 200 277
19 133 209 286
19 142 218 295
19 151 227 304
20 82 157 234
20 91 166 243
20 100 174 252
20 116 191 268
20 125 200 277
20 134 209 286
20 143 218 295
20 152 227 304
21 83 157 235
21 92 166 244
21 108 182 260
21 117 191 269
21 126 200 278
21 135 209 287
21 144 218 296
21 153 227 305
22 84 157 235
22 93 166 244
22 109 182 260
22 118 191 269
22 127 200 278
22 136 209 287
22 145 218 296
22 154 227 305
23 85 157 235
23 94 166 244
23 110 182 260
23 119 191 269
23 128 200 278
23 137 209 287
23 146 218 296
23 155 227 305
24 86 167 245
24 95 175 253
24 103 183 261
24 111 192 270
24 120 201 279
24 129 210 288
24 138 219 297
24 147 228 306
25 78 158 236
25 87 167 245
25 96 175 253
25 104 183 261
25 112 192 270
25 121 201 279
25 130 210 288
25 139 219 297
25 148 228 306
26 79 158 236
26 88 167 245
26 97 175 253
26 105 183 261
26 113 192 270
26 122 201 279
26 131 210 288
26 140 219 297
26 149 228 306
27 80 158 237
27 89 167 246
27 98 175 254
27 114 192 271
27 123 201 280
27 132 210 289
27 141 219 298
27 150 228 307
28 81 158 237
28 90 167 246
28 99 175 254
28 106 183 262
28 115 192 271
28 124 201 280
28 133 210 289
28 142 219 298
28 151 228 307
29 82 158 237
29 91 167 246
29 100 175 254
29 107 183 262
29 116 192 271
29 125 201 280
29 134 210 289
29 143 219 298
29 152 228 307
30 83 158 238
30 92 167 247
30 108 183 263
30 117 192 272
30 126 201 281
30 135 210 290
30 144 219 299
30 153 228 308
31 84 158 238
31 93 167 247
31 101 175 255
31 109 183 263
31 118 192 272
31 127 201 281
31 136 210 290
31 145 219 299
31 154 228 308
32 85 158 238
32 94 167 247
32 102 175 255
32 110 183 263
32 119 192 272
32 128 201 281
32 137 210 290
32 146 219 299
32 155 228 308
33 86 168 245
33 95 176 253
33 103 184 261
33 111 193 270
33 120 202 279
33 129 211 288
33 138 220 297
33 147 229 306
34 78 159 236
34 87 168 245
34 96 176 253
34 104 184 261
34 112 193 270
34 121 202 279
34 130 211 288
34 139 220 297
34 148 229 306
35 79 159 236
35 88 168 245
35 97 176 253
35 105 184 261
35 113 193 270
35 122 202 279
35 131 211 288
35 140 220 297
35 149 229 306
36 80 159 237
36 89 168 246
36 98 176 254
36 114 193 271
36 123 202 280
36 132 211 289
36 141 220 298
36 150 229 307
37 81 159 237
37 90 168 246
37 99 176 254
37 106 184 262
37 115 193 271
37 124 202 280
37 133 211 289
37 142 220 298
37 151 229 307
38 82 159 237
38 91 168 246
38 100 176 254
38 107 184 262
38 116 193 271
38 125 202 280
38 134 211 289
38 143 220 298
38 152 229 307
39 83 159 238
39 92 168 247
39 108 184 263
39 117 193 272
39 126 202 281
39 135 211 290
39 144 220 299
39 153 229 308
40 84 159 238
40 93 168 247
40 101 176 255
40 109 184 263
40 118 193 272
40 127 202 281
40 136 211 290
40 145 220 299
40 154 229 308
41 85 159 238
41 94 168 247
41 102 176 255
41 110 184 263
41 119 193 272
41 128 202 281
41 137 211 290
41 146 220 299
41 155 229 308
42 86 169 245
42 95 177 253
42 103 185 261
42 111 194 270
42 120 203 279
42 129 212 288
42 138 221 297
42 147 230 306
43 78 160 236
43 87 169 245
43 96 177 253
43 104 185 261
43 112 194 270
43 121 203 279
43 130 212 288
43 139 221 297
43 148 230 306
44 79 160 236
44 88 169 245
44 97 177 253
44 105 185 261
44 113 194 270
44 122 203 279
44 131 212 288
44 140 221 297
44 149 230 306
45 80 160 237
45 89 169 246
45 98 177 254
45 114 194 271
45 123 203 280
45 132 212 289
45 141 221 298
45 150 230 307
46 81 160 237
46 90 169 246
46 99 177 254
46 106 185 262
46 115 194 271
46 124 203 280
46 133 212 289
46 142 221 298
46 151 230 307
47 82 160 237
47 91 169 246
47 100 177 254
47 107 185 262
47 116 194 271
47 125 203 280
47 134 212 289
47 143 221 298
47 152 230 307
48 83 160 238
48 92 169 247
48 108 185 263
48 117 194 272
48 126 203 281
48 135 212 290
48 144 221 299
48 153 230 308
49 84 160 238
49 93 169 247
49 101 177 255
49 109 185 263
49 118 194 272
49 127 203 281
49 136 212 290
49 145 221 299
49 154 230 308
50 85 160 238
50 94 169 247
50 102 177 255
50 110 185 263
50 119 194 272
50 128 203 281
50 137 212 290
50 146 221 299
50 155 230 308
51 86 170 248
51 95 178 256
51 103 186 264
51 111 195 273
51 120 204 282
51 129 213 291
51 138 222 300
51 147 231 309
52 78 161 239
52 87 170 248
52 96 178 256
52 104 186 264
52 112 195 273
52 121 204 282
52 130 213 291
52 139 222 300
52 148 231 309
53 79 161 239
53 88 170 248
53 97 178 256
53 105 186 264
53 113 195 273
53 122 204 282
53 131 213 291
53 140 222 300
53 149 231 309
54 80 161 240
54 89 170 249
54 98 178 257
54 114 195 274
54 123 204 283
54 132 213 292
54 141 222 301
54 150 231 310
55 81 161 240
55 90 170 249
55 99 178 257
55 106 186 265
55 115 195 274
55 124 204 283
55 133 213 292
55 142 222 301
55 151 231 310
56 82 161 240
56 91 170 249
56 100 178 257
56 107 186 265
56 116 195 274
56 125 204 283
56 134 213 292
56 143 222 301
56 152 231 310
57 83 161 241
57 92 170 250
57 108 186 266
57 117 195 275
57 126 204 284
57 135 213 293
57 144 222 302
57 153 231 311
58 84 161 241
58 93 170 250
58 101 178 258
58 109 186 266
58 118 195 275
58 127 204 284
58 136 213 293
58 145 222 302
58 154 231 311
59 85 161 241
59 94 170 250
59 102 178 258
59 110 186 266
59 119 195 275
59 128 204 284
59 137 213 293
59 146 222 302
59 155 231 311
60 86 171 248
60 95 179 256
60 103 187 264
60 111 196 273
60 120 205 282
60 129 214 291
60 138 223 300
60 147 232 309
61 78 162 239
61 87 171 248
61 96 179 256
61 104 187 264
61 112 196 273
61 121 205 282
61 130 214 291
61 139 223 300
61 148 232 309
62 79 162 239
62 88 171 248
62 97 179 256
62 105 187 264
62 113 196 273
62 122 205 282
62 131 214 291
62 140 223 300
62 149 232 309
63 80 162 240
63 89 171 249
63 98 179 257
63 114 196 274
63 123 205 283
63 132 214 292
63 141 223 301
63 150 232 310
64 81 162 240
64 90 171 249
64 99 179 257
64 106 187 265
64 115 196 274
64 124 205 283
64 133 214 292
64 142 223 301
64 151 232 310
65 82 162 240
65 91 171 249
65 100 179 257
65 107 187 265
65 116 196 274
65 125 205 283
65 134 214 292
65 143 223 301
65 152 232 310
66 83 162 241
66 92 171 250
66 108 187 266
66 117 196 275
66 126 205 284
66 135 214 293
66 144 223 302
66 153 232 311
67 84 162 241
67 93 171 250
67 101 179 258
67 109 187 266
67 118 196 275
67 127 205 284
67 136 214 293
67 145 223 302
67 154 232 311
68 85 162 241
68 94 171 250
68 102 179 258
68 110 187 266
68 119 196 275
68 128 205 284
68 137 214 293
68 146 223 302
68 155 232 311
69 86 172 248
69 95 180 256
69 103 188 264
69 111 197 273
69 120 206 282
69 129 215 291
69 138 224 300
69 147 233 309
70 78 163 239
70 87 172 248
70 96 180 256
70 104 188 264
70 112 197 273
70 121 206 282
70 130 215 291
70 139 224 300
70 148 233 309
71 79 163 239
71 88 172 248
71 97 180 256
71 105 188 264
71 113 197 273
71 122 206 282
71 131 215 291
71 140 224 300
71 149 233 309
72 80 163 240
72 89 172 249
72 98 180 257
72 114 197 274
72 123 206 283
72 132 215 292
72 141 224 301
72 150 233 310
73 81 163 240
73 90 172 249
73 99 180 257
73 106 188 265
73 115 197 274
73 124 206 283
73 133 215 292
73 142 224 301
73 151 233 310
74 82 163 240
74 91 172 249
74 100 180 257
74 107 188 265
74 116 197 274
74 125 206 283
74 134 215 292
74 143 224 301
74 152 233 310
75 83 163 241
75 92 172 250
75 108 188 266
75 117 197 275
75 126 206 284
75 135 215 293
75 144 224 302
75 153 233 311
76 84 163 241
76 93 172 250
76 101 180 258
76 109 188 266
76 118 197 275
76 127 206 284
76 136 215 293
76 145 224 302
76 154 233 311
77 85 163 241
77 94 172 250
77 102 180 258
77 110 188 266
77 119 197 275
77 128 206 284
77 137 215 293
77 146 224 302
77 155 233 311