260 0 328
c1l1
c2l1
c3l1
c4l1
c5l1
c6l1
c8l1
c9l1
c2l2
c3l2
c5l2
c6l2
c7l2
c8l2
c9l2
c1l3
c2l3
c3l3
c4l3
c5l3
c6l3
c8l3
c2l4
c3l4
c4l4
c5l4
c6l4
c7l4
c8l4
c9l4
c1l5
c2l5
c3l5
c4l5
c5l5
c8l5
c9l5
c1l6
c2l6
c3l6
c4l6
c7l6
c8l6
c9l6
c1l7
c3l7
c5l7
c6l7
c7l7
c8l7
c9l7
c1l8
c2l8
c3l8
c5l8
c6l8
c7l8
c9l8
c1l9
c4l9
c5l9
c6l9
c7l9
c8l9
c9l9
c2n1
c3n1
c4n1
c5n1
c6n1
c8n1
c9n1
c1n2
c2n2
c3n2
c4n2
c5n2
c7n2
c8n2
c9n2
c1n3
c2n3
c4n3
c5n3
c8n3
c9n3
c1n4
c2n4
c3n4
c5n4
c6n4
c7n4
c8n4
c9n4
c1n5
c3n5
c4n5
c6n5
c7n5
c8n5
c1n6
c2n6
c3n6
c4n6
c5n6
c6n6
c8n6
c9n6
c1n7
c2n7
c3n7
c4n7
c5n7
c6n7
c7n7
c9n7
c1n8
c3n8
c5n8
c6n8
c7n8
c8n8
c9n8
c2n9
c3n9
c5n9
c6n9
c7n9
c8n9
c9n9
l1n1
l4n1
l5n1
l6n1
l7n1
l8n1
l9n1
l1n2
l2n2
l3n2
l4n2
l6n2
l7n2
l8n2
l9n2
l2n3
l3n3
l4n3
l5n3
l7n3
l8n3
l1n4
l3n4
l4n4
l5n4
l6n4
l7n4
l8n4
l9n4
l1n5
l2n5
l4n5
l5n5
l8n5
l9n5
l1n6
l2n6
l3n6
l4n6
l6n6
l7n6
l8n6
l9n6
l1n7
l2n7
l3n7
l4n7
l5n7
l6n7
l7n7
l9n7
l1n8
l2n8
l3n8
l4n8
l5n8
l6n8
l8n8
l1n9
l2n9
l3n9
l5n9
l6n9
l7n9
l9n9
b1n1
b3n1
b4n1
b5n1
b6n1
b7n1
b8n1
b0n2
b1n2
b2n2
b3n2
b5n2
b6n2
b7n2
b8n2
b0n3
b1n3
b3n3
b5n3
b7n3
b8n3
b0n4
b2n4
b3n4
b4n4
b5n4
b6n4
b7n4
b8n4
b0n5
b1n5
b3n5
b5n5
b7n5
b8n5
b0n6
b1n6
b2n6
b3n6
b4n6
b6n6
b7n6
b8n6
b0n7
b1n7
b2n7
b3n7
b4n7
b5n7
b6n7
b7n7
b0n8
b1n8
b2n8
b3n8
b4n8
b5n8
b8n8
b0n9
b1n9
b2n9
b4n9
b5n9
b6n9
b8n9
0 72 137 202
0 86 151 216
0 94 159 224
0 100 165 230
0 108 173 238
0 116 181 246
1 73 137 202
1 87 151 216
1 101 165 230
1 109 173 238
1 123 188 253
2 74 137 202
2 88 151 216
2 95 159 224
2 102 165 230
2 110 173 238
2 117 181 246
2 124 188 253
3 67 130 195
3 75 137 203
3 96 159 225
3 103 165 231
3 111 173 239
4 68 130 195
4 76 137 203
4 104 165 231
4 112 173 239
4 118 181 247
4 125 188 254
5 69 130 195
5 97 159 225
5 105 165 231
5 113 173 239
5 119 181 247
5 126 188 254
6 78 137 204
6 92 151 217
6 106 165 232
6 121 181 248
6 128 188 255
7 79 137 204
7 93 151 217
7 107 165 232
7 115 173 240
7 122 181 248
7 129 188 255
8 73 138 202
8 81 145 210
8 101 166 230
8 109 174 238
8 123 189 253
9 74 138 202
9 95 160 224
9 102 166 230
9 110 174 238
9 117 182 246
9 124 189 253
10 76 138 203
10 83 145 211
10 104 166 231
10 112 174 239
10 118 182 247
10 125 189 254
11 97 160 225
11 105 166 231
11 113 174 239
11 119 182 247
11 126 189 254
12 77 138 204
12 114 174 240
12 120 182 248
12 127 189 255
13 78 138 204
13 106 166 232
13 121 182 248
13 128 189 255
14 79 138 204
14 107 166 232
14 115 174 240
14 122 182 248
14 129 189 255
15 72 139 202
15 80 146 210
15 86 152 216
15 100 167 230
15 108 175 238
15 116 183 246
16 73 139 202
16 81 146 210
16 87 152 216
16 101 167 230
16 109 175 238
16 123 190 253
17 74 139 202
17 88 152 216
17 102 167 230
17 110 175 238
17 117 183 246
17 124 190 253
18 75 139 203
18 82 146 211
18 103 167 231
18 111 175 239
19 76 139 203
19 83 146 211
19 104 167 231
19 112 175 239
19 118 183 247
19 125 190 254
20 105 167 231
20 113 175 239
20 119 183 247
20 126 190 254
21 78 139 204
21 92 152 217
21 106 167 232
21 121 183 248
21 128 190 255
22 65 131 196
22 73 140 205
22 81 147 212
22 87 153 218
22 101 168 233
22 109 176 241
23 66 131 196
23 74 140 205
23 88 153 218
23 95 161 226
23 102 168 233
23 110 176 241
23 117 184 249
24 67 131 197
24 103 168 234
24 111 176 242
25 68 131 197
25 89 153 219
25 104 168 234
25 112 176 242
25 118 184 250
26 69 131 197
26 90 153 219
26 105 168 234
26 113 176 242
26 119 184 250
27 77 140 206
27 91 153 220
27 98 161 227
27 114 176 243
27 120 184 251
28 70 131 198
28 78 140 206
28 84 147 213
28 92 153 220
28 99 161 227
28 121 184 251
29 71 131 198
29 79 140 206
29 85 147 213
29 93 153 220
29 115 176 243
29 122 184 251
30 80 148 212
30 86 154 218
30 94 162 226
30 108 177 241
30 116 185 249
31 65 132 196
31 81 148 212
31 87 154 218
31 109 177 241
32 66 132 196
32 88 154 218
32 95 162 226
32 110 177 241
32 117 185 249
33 67 132 197
33 111 177 242
34 68 132 197
34 89 154 219
34 112 177 242
34 118 185 250
34 125 191 256
35 70 132 198
35 84 148 213
35 92 154 220
35 99 162 227
35 121 185 251
35 128 191 257
36 71 132 198
36 85 148 213
36 93 154 220
36 115 177 243
36 122 185 251
36 129 191 257
37 72 141 205
37 86 155 218
37 100 169 233
37 108 178 241
37 116 186 249
38 65 133 196
38 73 141 205
38 87 155 218
38 101 169 233
38 109 178 241
39 66 133 196
39 74 141 205
39 88 155 218
39 102 169 233
39 110 178 241
39 117 186 249
40 67 133 197
40 103 169 234
40 111 178 242
41 77 141 206
41 91 155 220
41 114 178 243
41 120 186 251
41 127 192 257
42 70 133 198
42 78 141 206
42 92 155 220
42 121 186 251
42 128 192 257
43 71 133 198
43 79 141 206
43 93 155 220
43 115 178 243
43 122 186 251
43 129 192 257
44 72 142 207
44 86 156 221
44 100 170 235
44 108 179 244
45 66 134 199
45 74 142 207
45 88 156 221
45 102 170 235
45 110 179 244
45 124 193 258
46 68 134 200
46 76 142 208
46 83 149 214
46 89 156 222
46 104 170 236
46 112 179 245
47 69 134 200
47 90 156 222
47 105 170 236
47 113 179 245
48 77 142 209
48 91 156 223
48 127 193 259
49 70 134 201
49 78 142 209
49 84 149 215
49 92 156 223
49 106 170 237
49 128 193 259
50 71 134 201
50 79 142 209
50 85 149 215
50 93 156 223
50 107 170 237
50 129 193 259
51 72 143 207
51 86 157 221
51 100 171 235
52 65 135 199
52 73 143 207
52 87 157 221
52 101 171 235
53 66 135 199
53 74 143 207
53 88 157 221
53 102 171 235
54 68 135 200
54 76 143 208
54 83 150 214
54 89 157 222
54 104 171 236
55 69 135 200
55 90 157 222
55 97 163 228
55 105 171 236
56 77 143 209
56 91 157 223
56 98 163 229
56 120 187 252
57 71 135 201
57 79 143 209
57 85 150 215
57 93 157 223
57 107 171 237
57 122 187 252
58 72 144 207
58 86 158 221
58 100 172 235
58 108 180 244
59 67 136 200
59 75 144 208
59 96 164 228
59 103 172 236
59 111 180 245
60 68 136 200
60 76 144 208
60 89 158 222
60 104 172 236
60 112 180 245
61 69 136 200
61 90 158 222
61 97 164 228
61 105 172 236
61 113 180 245
62 77 144 209
62 91 158 223
62 98 164 229
62 127 194 259
63 70 136 201
63 78 144 209
63 92 158 223
63 99 164 229
63 106 172 237
63 128 194 259
64 71 136 201
64 79 144 209
64 93 158 223
64 107 172 237
64 129 194 259