236 0 274
c1l1
c2l1
c4l1
c6l1
c7l1
c8l1
c9l1
c4l2
c5l2
c6l2
c7l2
c9l2
c2l3
c5l3
c6l3
c8l3
c9l3
c2l4
c3l4
c4l4
c6l4
c7l4
c8l4
c1l5
c3l5
c5l5
c6l5
c7l5
c1l6
c4l6
c5l6
c7l6
c9l6
c1l7
c2l7
c3l7
c5l7
c6l7
c7l7
c8l7
c9l7
c1l8
c2l8
c3l8
c4l8
c5l8
c6l8
c7l8
c8l8
c9l8
c1l9
c2l9
c3l9
c4l9
c5l9
c6l9
c7l9
c8l9
c9l9
c1n1
c3n1
c4n1
c6n1
c7n1
c8n1
c9n1
c2n2
c3n2
c5n2
c6n2
c7n2
c8n2
c1n3
c4n3
c5n3
c6n3
c9n3
c2n4
c3n4
c4n4
c5n4
c7n4
c8n4
c9n4
c2n5
c5n5
c6n5
c7n5
c8n5
c9n5
c1n6
c2n6
c4n6
c5n6
c6n6
c7n6
c9n6
c1n7
c3n7
c4n7
c5n7
c6n7
c7n7
c8n7
c9n7
c1n8
c2n8
c4n8
c6n8
c7n8
c8n8
c9n8
c1n9
c2n9
c3n9
c5n9
c6n9
c7n9
l3n1
l4n1
l5n1
l6n1
l7n1
l8n1
l9n1
l1n2
l2n2
l4n2
l6n2
l8n2
l9n2
l2n3
l4n3
l7n3
l8n3
l9n3
l1n4
l3n4
l4n4
l5n4
l7n4
l8n4
l9n4
l1n5
l5n5
l6n5
l7n5
l8n5
l9n5
l1n6
l2n6
l4n6
l5n6
l7n6
l8n6
l9n6
l1n7
l2n7
l3n7
l4n7
l6n7
l7n7
l8n7
l9n7
l1n8
l2n8
l3n8
l5n8
l7n8
l8n8
l9n8
l1n9
l3n9
l6n9
l7n9
l8n9
l9n9
b2n1
b3n1
b4n1
b5n1
b6n1
b7n1
b8n1
b1n2
b2n2
b3n2
b4n2
b6n2
b8n2
b1n3
b4n3
b6n3
b7n3
b8n3
b1n4
b2n4
b3n4
b5n4
b6n4
b7n4
b8n4
b2n5
b4n5
b5n5
b6n5
b7n5
b8n5
b1n6
b2n6
b3n6
b4n6
b6n6
b7n6
b8n6
b0n7
b1n7
b2n7
b4n7
b5n7
b6n7
b7n7
b8n7
b0n8
b1n8
b2n8
b5n8
b6n8
b7n8
b8n8
b0n9
b1n9
b3n9
b6n9
b7n9
b8n9
0 97 156 215
0 105 164 223
0 112 171 230
1 106 164 223
1 113 171 230
2 79 136 195
2 92 149 208
2 99 156 216
2 107 164 224
3 69 125 184
3 94 149 208
3 101 156 216
3 108 164 224
3 116 171 231
4 70 125 185
4 81 136 196
4 87 143 202
4 95 149 209
4 102 156 217
4 109 164 225
5 71 125 185
5 82 136 196
5 88 143 202
5 103 156 217
5 110 164 225
6 83 136 196
6 89 143 202
6 96 149 209
6 104 156 217
6 111 164 225
7 73 131 190
7 92 150 208
7 99 157 216
7 107 165 224
8 68 126 184
8 74 131 190
8 93 150 208
8 100 157 216
9 69 126 184
9 75 131 190
9 94 150 208
9 101 157 216
9 108 165 224
10 70 126 185
10 95 150 209
10 102 157 217
10 109 165 225
11 96 150 209
11 104 157 217
11 111 165 225
12 106 166 223
12 113 172 230
13 80 137 195
13 100 158 216
13 115 172 231
14 101 158 216
14 108 166 224
14 116 172 231
15 64 118 177
15 82 137 196
15 103 158 217
15 110 166 225
16 65 118 177
16 83 137 196
16 104 158 217
16 111 166 225
17 66 127 186
17 77 138 197
17 91 151 210
18 60 119 178
18 67 127 186
18 78 138 197
19 61 119 179
19 73 132 191
19 92 151 211
19 99 159 218
20 62 119 179
20 69 127 187
20 75 132 191
20 94 151 211
20 101 159 218
21 63 119 180
21 81 138 198
21 102 159 219
22 64 119 180
22 82 138 198
22 103 159 219
23 59 120 178
23 90 152 210
24 60 120 178
24 78 139 197
25 85 144 203
25 93 152 211
26 62 120 179
26 86 144 203
26 94 152 211
27 63 120 180
27 81 139 198
27 87 144 204
27 109 167 226
28 59 121 178
28 112 173 232
29 61 121 179
29 99 160 218
30 68 128 187
30 85 145 203
30 100 160 218
31 63 121 180
31 87 145 204
31 102 160 219
32 65 121 180
32 89 145 204
32 104 160 219
33 59 122 181
33 72 133 192
33 90 153 212
33 97 161 220
33 105 168 227
33 112 174 233
34 77 140 199
34 84 146 205
34 91 153 212
34 106 168 227
34 113 174 233
35 60 122 181
35 78 140 199
35 98 161 220
35 114 174 233
36 74 133 193
36 80 140 200
36 85 146 206
36 93 153 213
36 100 161 221
36 115 174 234
37 62 122 182
37 75 133 193
37 86 146 206
37 94 153 213
37 101 161 221
37 108 168 228
37 116 174 234
38 63 122 183
38 81 140 201
38 87 146 207
38 95 153 214
38 102 161 222
38 109 168 229
38 117 174 235
39 64 122 183
39 82 140 201
39 88 146 207
39 103 161 222
39 110 168 229
40 65 122 183
40 76 133 194
40 83 140 201
40 89 146 207
40 96 153 214
40 104 161 222
40 111 168 229
41 59 123 181
41 72 134 192
41 90 154 212
41 97 162 220
41 105 169 227
41 112 175 233
42 66 129 188
42 77 141 199
42 84 147 205
42 91 154 212
42 106 169 227
42 113 175 233
43 60 123 181
43 67 129 188
43 78 141 199
43 98 162 220
43 114 175 233
44 61 123 182
44 73 134 193
44 79 141 200
44 92 154 213
44 99 162 221
44 107 169 228
45 74 134 193
45 80 141 200
45 85 147 206
45 93 154 213
45 100 162 221
45 115 175 234
46 62 123 182
46 75 134 193
46 86 147 206
46 94 154 213
46 101 162 221
46 108 169 228
46 116 175 234
47 63 123 183
47 70 129 189
47 81 141 201
47 87 147 207
47 95 154 214
47 102 162 222
47 109 169 229
47 117 175 235
48 64 123 183
48 71 129 189
48 82 141 201
48 88 147 207
48 103 162 222
48 110 169 229
49 65 123 183
49 76 134 194
49 83 141 201
49 89 147 207
49 96 154 214
49 104 162 222
49 111 169 229
50 59 124 181
50 72 135 192
50 90 155 212
50 97 163 220
50 105 170 227
50 112 176 233
51 66 130 188
51 77 142 199
51 84 148 205
51 91 155 212
51 106 170 227
51 113 176 233
52 60 124 181
52 67 130 188
52 78 142 199
52 98 163 220
52 114 176 233
53 61 124 182
53 73 135 193
53 79 142 200
53 92 155 213
53 99 163 221
53 107 170 228
54 74 135 193
54 80 142 200
54 85 148 206
54 93 155 213
54 100 163 221
54 115 176 234
55 62 124 182
55 75 135 193
55 86 148 206
55 94 155 213
55 101 163 221
55 108 170 228
55 116 176 234
56 63 124 183
56 70 130 189
56 81 142 201
56 87 148 207
56 95 155 214
56 102 163 222
56 109 170 229
56 117 176 235
57 64 124 183
57 71 130 189
57 82 142 201
57 88 148 207
57 103 163 222
57 110 170 229
58 65 124 183
58 76 135 194
58 83 142 201
58 89 148 207
58 96 155 214
58 104 163 222
58 111 170 229