272 0 399
c1l1
c3l1
c4l1
c6l1
c7l1
c8l1
c9l1
c1l2
c2l2
c3l2
c5l2
c6l2
c8l2
c9l2
c1l3
c3l3
c4l3
c5l3
c6l3
c7l3
c9l3
c2l4
c3l4
c4l4
c5l4
c6l4
c8l4
c1l5
c2l5
c3l5
c4l5
c7l5
c8l5
c9l5
c2l6
c3l6
c4l6
c5l6
c6l6
c7l6
c8l6
c9l6
c2l7
c3l7
c4l7
c5l7
c6l7
c7l7
c8l7
c9l7
c1l8
c2l8
c3l8
c4l8
c5l8
c6l8
c7l8
c8l8
c9l8
c1l9
c2l9
c3l9
c4l9
c5l9
c6l9
c7l9
c8l9
c9l9
c2n1
c3n1
c4n1
c6n1
c8n1
c9n1
c2n2
c3n2
c4n2
c5n2
c6n2
c7n2
c8n2
c9n2
c1n3
c3n3
c4n3
c6n3
c7n3
c8n3
c9n3
c2n4
c3n4
c5n4
c6n4
c7n4
c8n4
c1n5
c3n5
c4n5
c5n5
c7n5
c8n5
c9n5
c1n6
c2n6
c3n6
c4n6
c5n6
c6n6
c8n6
c9n6
c1n7
c2n7
c3n7
c4n7
c5n7
c6n7
c7n7
c8n7
c9n7
c1n8
c2n8
c3n8
c4n8
c5n8
c6n8
c7n8
c8n8
c9n8
c1n9
c2n9
c3n9
c4n9
c5n9
c6n9
c7n9
c9n9
l3n1
l4n1
l5n1
l7n1
l8n1
l9n1
l1n2
l2n2
l3n2
l5n2
l6n2
l7n2
l8n2
l9n2
l2n3
l3n3
l4n3
l6n3
l7n3
l8n3
l9n3
l1n4
l3n4
l5n4
l6n4
l8n4
l9n4
l1n5
l2n5
l4n5
l6n5
l7n5
l8n5
l9n5
l1n6
l2n6
l3n6
l5n6
l6n6
l7n6
l8n6
l9n6
l1n7
l2n7
l3n7
l4n7
l5n7
l6n7
l7n7
l8n7
l9n7
l1n8
l2n8
l3n8
l4n8
l5n8
l6n8
l7n8
l8n8
l9n8
l1n9
l2n9
l4n9
l5n9
l6n9
l7n9
l8n9
l9n9
b0n1
b4n1
b5n1
b6n1
b7n1
b8n1
b0n2
b1n2
b2n2
b4n2
b5n2
b6n2
b7n2
b8n2
b1n3
b2n3
b3n3
b5n3
b6n3
b7n3
b8n3
b0n4
b2n4
b3n4
b4n4
b7n4
b8n4
b1n5
b2n5
b3n5
b5n5
b6n5
b7n5
b8n5
b0n6
b1n6
b2n6
b3n6
b4n6
b6n6
b7n6
b8n6
b0n7
b1n7
b2n7
b3n7
b4n7
b5n7
b6n7
b7n7
b8n7
b0n8
b1n8
b2n8
b3n8
b4n8
b5n8
b6n8
b7n8
b8n8
b0n9
b1n9
b3n9
b4n9
b5n9
b6n9
b7n9
b8n9
0 102 170 238
0 110 178 246
0 119 187 255
0 128 196 264
1 75 142 210
1 90 157 225
1 104 170 238
1 112 178 246
1 121 187 255
1 130 196 264
2 76 142 211
2 97 163 231
2 105 170 239
2 113 178 247
2 122 187 256
2 131 196 265
3 78 142 211
3 107 170 239
3 115 178 247
3 124 187 256
3 133 196 265
4 79 142 212
4 93 157 226
4 99 163 232
4 116 178 248
4 125 187 257
5 80 142 212
5 94 157 226
5 100 163 232
5 108 170 240
5 117 178 248
5 126 187 257
6 81 142 212
6 101 163 232
6 109 170 240
6 118 178 248
6 127 187 257
7 102 171 238
7 110 179 246
7 119 188 255
7 128 197 264
8 74 143 210
8 103 171 238
8 111 179 246
8 120 188 255
8 129 197 264
9 75 143 210
9 104 171 238
9 112 179 246
9 121 188 255
9 130 197 264
10 77 143 211
10 98 164 231
10 106 171 239
10 114 179 247
10 123 188 256
10 132 197 265
11 78 143 211
11 85 150 218
11 107 171 239
11 115 179 247
11 124 188 256
11 133 197 265
12 80 143 212
12 87 150 219
12 100 164 232
12 108 171 240
12 117 179 248
12 126 188 257
13 81 143 212
13 88 150 219
13 101 164 232
13 109 171 240
13 118 179 248
13 127 188 257
14 102 172 238
14 110 180 246
14 119 189 255
15 69 136 204
15 75 144 210
15 90 158 225
15 104 172 238
15 112 180 246
15 121 189 255
16 76 144 211
16 84 151 218
16 105 172 239
16 113 180 247
16 122 189 256
17 77 144 211
17 106 172 239
17 114 180 247
17 123 189 256
18 78 144 211
18 85 151 218
18 107 172 239
18 115 180 247
18 124 189 256
19 79 144 212
19 86 151 219
19 93 158 226
19 116 180 248
19 125 189 257
20 81 144 212
20 88 151 219
20 109 172 240
20 118 180 248
20 127 189 257
21 111 181 249
21 120 190 258
21 129 198 266
22 83 152 220
22 96 165 233
22 112 181 249
22 121 190 258
22 130 198 266
23 70 137 205
23 113 181 250
23 122 190 259
23 131 198 267
24 114 181 250
24 123 190 259
24 132 198 267
25 71 137 205
25 115 181 250
25 124 190 259
25 133 198 267
26 72 137 206
26 87 152 221
26 100 165 234
26 117 181 251
26 126 190 260
27 102 173 241
27 110 182 249
27 119 191 258
27 128 199 266
28 89 159 227
28 103 173 241
28 111 182 249
28 120 191 258
28 129 199 266
29 90 159 227
29 104 173 241
29 112 182 249
29 121 191 258
29 130 199 266
30 70 138 205
30 76 145 213
30 105 173 242
30 113 182 250
30 122 191 259
30 131 199 267
31 79 145 214
31 116 182 251
31 125 191 260
31 134 199 268
32 72 138 206
32 80 145 214
32 117 182 251
32 126 191 260
33 73 138 206
33 81 145 214
33 118 182 251
33 127 191 260
33 135 199 268
34 89 160 227
34 103 174 241
34 111 183 249
34 120 192 258
34 129 200 266
35 83 153 220
35 90 160 227
35 96 166 233
35 104 174 241
35 112 183 249
35 121 192 258
35 130 200 266
36 76 146 213
36 105 174 242
36 113 183 250
36 122 192 259
36 131 200 267
37 77 146 213
37 91 160 228
37 106 174 242
37 114 183 250
37 123 192 259
37 132 200 267
38 78 146 213
38 92 160 228
38 107 174 242
38 115 183 250
38 124 192 259
38 133 200 267
39 79 146 214
39 86 153 221
39 99 166 234
39 116 183 251
39 125 192 260
39 134 200 268
40 80 146 214
40 87 153 221
40 100 166 234
40 117 183 251
40 126 192 260
41 81 146 214
41 88 153 221
41 101 166 234
41 118 183 251
41 127 192 260
41 135 200 268
42 68 139 207
42 74 147 215
42 103 175 243
42 111 184 252
42 120 193 261
42 129 201 269
43 69 139 207
43 75 147 215
43 83 154 222
43 96 167 235
43 104 175 243
43 112 184 252
43 121 193 261
43 130 201 269
44 70 139 208
44 76 147 216
44 84 154 223
44 97 167 236
44 105 175 244
44 113 184 253
44 122 193 262
44 131 201 270
45 77 147 216
45 98 167 236
45 106 175 244
45 114 184 253
45 123 193 262
45 132 201 270
46 71 139 208
46 78 147 216
46 85 154 223
46 107 175 244
46 115 184 253
46 124 193 262
46 133 201 270
47 79 147 217
47 86 154 224
47 99 167 237
47 116 184 254
47 125 193 263
47 134 201 271
48 72 139 209
48 80 147 217
48 87 154 224
48 100 167 237
48 108 175 245
48 117 184 254
48 126 193 263
49 73 139 209
49 81 147 217
49 88 154 224
49 101 167 237
49 109 175 245
49 118 184 254
49 127 193 263
49 135 201 271
50 82 155 222
50 95 168 235
50 102 176 243
50 110 185 252
50 119 194 261
50 128 202 269
51 68 140 207
51 74 148 215
51 103 176 243
51 111 185 252
51 120 194 261
51 129 202 269
52 69 140 207
52 75 148 215
52 83 155 222
52 96 168 235
52 104 176 243
52 112 185 252
52 121 194 261
52 130 202 269
53 70 140 208
53 76 148 216
53 84 155 223
53 97 168 236
53 105 176 244
53 113 185 253
53 122 194 262
53 131 202 270
54 77 148 216
54 91 161 229
54 98 168 236
54 106 176 244
54 114 185 253
54 123 194 262
54 132 202 270
55 71 140 208
55 78 148 216
55 85 155 223
55 92 161 229
55 107 176 244
55 115 185 253
55 124 194 262
55 133 202 270
56 79 148 217
56 86 155 224
56 93 161 230
56 99 168 237
56 116 185 254
56 125 194 263
56 134 202 271
57 72 140 209
57 80 148 217
57 87 155 224
57 94 161 230
57 100 168 237
57 108 176 245
57 117 185 254
57 126 194 263
58 73 140 209
58 81 148 217
58 88 155 224
58 101 168 237
58 109 176 245
58 118 185 254
58 127 194 263
58 135 202 271
59 82 156 222
59 95 169 235
59 102 177 243
59 110 186 252
59 119 195 261
59 128 203 269
60 68 141 207
60 74 149 215
60 103 177 243
60 111 186 252
60 120 195 261
60 129 203 269
61 69 141 207
61 75 149 215
61 83 156 222
61 96 169 235
61 104 177 243
61 112 186 252
61 121 195 261
61 130 203 269
62 70 141 208
62 76 149 216
62 84 156 223
62 97 169 236
62 105 177 244
62 113 186 253
62 122 195 262
62 131 203 270
63 77 149 216
63 91 162 229
63 98 169 236
63 106 177 244
63 114 186 253
63 123 195 262
63 132 203 270
64 71 141 208
64 78 149 216
64 85 156 223
64 92 162 229
64 107 177 244
64 115 186 253
64 124 195 262
64 133 203 270
65 79 149 217
65 86 156 224
65 93 162 230
65 99 169 237
65 116 186 254
65 125 195 263
65 134 203 271
66 72 141 209
66 80 149 217
66 87 156 224
66 94 162 230
66 100 169 237
66 108 177 245
66 117 186 254
66 126 195 263
67 73 141 209
67 81 149 217
67 88 156 224
67 101 169 237
67 109 177 245
67 118 186 254
67 127 195 263
67 135 203 271