260 0 381
c1l1
c2l1
c4l1
c6l1
c7l1
c8l1
c9l1
c4l2
c5l2
c6l2
c7l2
c9l2
c2l3
c5l3
c6l3
c8l3
c9l3
c2l4
c3l4
c4l4
c6l4
c7l4
c8l4
c1l5
c3l5
c5l5
c6l5
c7l5
c9l5
c1l6
c2l6
c3l6
c4l6
c5l6
c6l6
c7l6
c8l6
c9l6
c1l7
c2l7
c3l7
c4l7
c5l7
c6l7
c7l7
c8l7
c9l7
c1l8
c2l8
c3l8
c4l8
c5l8
c6l8
c7l8
c8l8
c9l8
c1l9
c2l9
c3l9
c4l9
c5l9
c6l9
c7l9
c8l9
c9l9
c1n1
c3n1
c4n1
c6n1
c7n1
c8n1
c9n1
c2n2
c3n2
c4n2
c5n2
c6n2
c7n2
c8n2
c9n2
c1n3
c2n3
c4n3
c5n3
c6n3
c9n3
c2n4
c3n4
c4n4
c5n4
c6n4
c7n4
c8n4
c9n4
c2n5
c5n5
c6n5
c7n5
c8n5
c9n5
c1n6
c2n6
c4n6
c5n6
c6n6
c7n6
c8n6
c9n6
c1n7
c3n7
c4n7
c5n7
c6n7
c7n7
c8n7
c9n7
c1n8
c2n8
c3n8
c4n8
c6n8
c7n8
c8n8
c9n8
c1n9
c2n9
c3n9
c5n9
c6n9
c7n9
l3n1
l4n1
l5n1
l6n1
l7n1
l8n1
l9n1
l1n2
l2n2
l4n2
l5n2
l6n2
l7n2
l8n2
l9n2
l2n3
l4n3
l6n3
l7n3
l8n3
l9n3
l1n4
l3n4
l4n4
l5n4
l6n4
l7n4
l8n4
l9n4
l1n5
l5n5
l6n5
l7n5
l8n5
l9n5
l1n6
l2n6
l4n6
l5n6
l6n6
l7n6
l8n6
l9n6
l1n7
l2n7
l3n7
l4n7
l6n7
l7n7
l8n7
l9n7
l1n8
l2n8
l3n8
l5n8
l6n8
l7n8
l8n8
l9n8
l1n9
l3n9
l6n9
l7n9
l8n9
l9n9
b2n1
b3n1
b4n1
b5n1
b6n1
b7n1
b8n1
b1n2
b2n2
b3n2
b4n2
b5n2
b6n2
b7n2
b8n2
b1n3
b3n3
b4n3
b6n3
b7n3
b8n3
b1n4
b2n4
b3n4
b4n4
b5n4
b6n4
b7n4
b8n4
b2n5
b4n5
b5n5
b6n5
b7n5
b8n5
b1n6
b2n6
b3n6
b4n6
b5n6
b6n6
b7n6
b8n6
b0n7
b1n7
b2n7
b4n7
b5n7
b6n7
b7n7
b8n7
b0n8
b1n8
b2n8
b3n8
b5n8
b6n8
b7n8
b8n8
b0n9
b1n9
b3n9
b6n9
b7n9
b8n9
0 108 173 238
0 116 181 246
0 124 189 254
1 117 181 246
1 125 189 254
2 74 137 202
2 88 151 216
2 102 165 230
2 110 173 239
2 119 181 247
3 76 137 202
3 90 151 216
3 104 165 230
3 112 173 239
3 120 181 247
3 128 189 255
4 77 137 203
4 91 151 217
4 97 159 224
4 105 165 231
4 113 173 240
4 121 181 248
5 78 137 203
5 92 151 217
5 98 159 224
5 106 165 231
5 114 173 240
5 122 181 248
6 79 137 203
6 93 151 217
6 99 159 224
6 107 165 231
6 115 173 240
6 123 181 248
7 74 138 202
7 82 145 210
7 102 166 230
7 110 174 239
7 119 182 247
8 75 138 202
8 83 145 210
8 103 166 230
8 111 174 239
9 76 138 202
9 84 145 210
9 104 166 230
9 112 174 239
9 120 182 247
10 77 138 203
10 105 166 231
10 113 174 240
10 121 182 248
11 79 138 203
11 107 166 231
11 115 174 240
11 123 182 248
12 117 183 246
12 125 190 254
13 89 152 216
13 111 175 239
13 127 190 255
14 90 152 216
14 112 175 239
14 120 183 247
14 128 190 255
15 70 130 195
15 92 152 217
15 114 175 240
15 122 183 248
16 71 130 195
16 93 152 217
16 115 175 240
16 123 183 248
17 72 139 204
17 81 146 211
17 86 153 218
17 101 167 232
18 66 131 196
18 73 139 204
18 87 153 218
19 67 131 197
19 74 139 205
19 82 146 212
19 88 153 219
19 102 167 233
19 110 176 241
20 68 131 197
20 76 139 205
20 84 146 212
20 90 153 219
20 104 167 233
20 112 176 241
21 69 131 198
21 77 139 206
21 91 153 220
21 105 167 234
21 113 176 242
22 70 131 198
22 78 139 206
22 92 153 220
22 106 167 234
22 114 176 242
23 65 132 196
23 100 168 232
23 116 184 249
24 66 132 196
24 73 140 204
24 87 154 218
24 118 184 249
25 75 140 205
25 89 154 219
25 95 160 225
25 103 168 233
26 68 132 197
26 76 140 205
26 90 154 219
26 96 160 225
26 104 168 233
27 69 132 198
27 77 140 206
27 91 154 220
27 97 160 226
27 105 168 234
27 121 184 250
28 71 132 198
28 79 140 206
28 93 154 220
28 99 160 226
28 107 168 234
28 123 184 250
29 65 133 196
29 80 147 211
29 100 169 232
29 116 185 249
29 124 191 256
30 72 141 204
30 81 147 211
30 86 155 218
30 101 169 232
30 117 185 249
30 125 191 256
31 66 133 196
31 73 141 204
31 87 155 218
31 118 185 249
31 126 191 256
32 67 133 197
32 74 141 205
32 82 147 212
32 88 155 219
32 102 169 233
32 110 177 241
33 75 141 205
33 83 147 212
33 89 155 219
33 95 161 225
33 103 169 233
33 111 177 241
34 68 133 197
34 76 141 205
34 84 147 212
34 90 155 219
34 96 161 225
34 104 169 233
34 112 177 241
35 69 133 198
35 77 141 206
35 91 155 220
35 97 161 226
35 105 169 234
35 113 177 242
35 121 185 250
36 70 133 198
36 78 141 206
36 92 155 220
36 98 161 226
36 106 169 234
36 114 177 242
36 122 185 250
37 71 133 198
37 79 141 206
37 93 155 220
37 99 161 226
37 107 169 234
37 115 177 242
37 123 185 250
38 65 134 199
38 80 148 213
38 100 170 235
38 108 178 243
38 116 186 251
38 124 192 257
39 72 142 207
39 81 148 213
39 86 156 221
39 94 162 227
39 101 170 235
39 117 186 251
39 125 192 257
40 66 134 199
40 73 142 207
40 87 156 221
40 109 178 243
40 118 186 251
40 126 192 257
41 67 134 200
41 74 142 208
41 82 148 214
41 88 156 222
41 102 170 236
41 110 178 244
41 119 186 252
42 75 142 208
42 83 148 214
42 89 156 222
42 95 162 228
42 103 170 236
42 111 178 244
42 127 192 258
43 68 134 200
43 76 142 208
43 84 148 214
43 90 156 222
43 96 162 228
43 104 170 236
43 112 178 244
43 120 186 252
43 128 192 258
44 69 134 201
44 77 142 209
44 91 156 223
44 97 162 229
44 105 170 237
44 113 178 245
44 121 186 253
44 129 192 259
45 70 134 201
45 78 142 209
45 92 156 223
45 98 162 229
45 106 170 237
45 114 178 245
45 122 186 253
46 71 134 201
46 79 142 209
46 85 148 215
46 93 156 223
46 99 162 229
46 107 170 237
46 115 178 245
46 123 186 253
47 65 135 199
47 80 149 213
47 100 171 235
47 108 179 243
47 116 187 251
47 124 193 257
48 72 143 207
48 81 149 213
48 86 157 221
48 94 163 227
48 101 171 235
48 117 187 251
48 125 193 257
49 66 135 199
49 73 143 207
49 87 157 221
49 109 179 243
49 118 187 251
49 126 193 257
50 67 135 200
50 74 143 208
50 82 149 214
50 88 157 222
50 102 171 236
50 110 179 244
50 119 187 252
51 75 143 208
51 83 149 214
51 89 157 222
51 95 163 228
51 103 171 236
51 111 179 244
51 127 193 258
52 68 135 200
52 76 143 208
52 84 149 214
52 90 157 222
52 96 163 228
52 104 171 236
52 112 179 244
52 120 187 252
52 128 193 258
53 69 135 201
53 77 143 209
53 91 157 223
53 97 163 229
53 105 171 237
53 113 179 245
53 121 187 253
53 129 193 259
54 70 135 201
54 78 143 209
54 92 157 223
54 98 163 229
54 106 171 237
54 114 179 245
54 122 187 253
55 71 135 201
55 79 143 209
55 85 149 215
55 93 157 223
55 99 163 229
55 107 171 237
55 115 179 245
55 123 187 253
56 65 136 199
56 80 150 213
56 100 172 235
56 108 180 243
56 116 188 251
56 124 194 257
57 72 144 207
57 81 150 213
57 86 158 221
57 94 164 227
57 101 172 235
57 117 188 251
57 125 194 257
58 66 136 199
58 73 144 207
58 87 158 221
58 109 180 243
58 118 188 251
58 126 194 257
59 67 136 200
59 74 144 208
59 82 150 214
59 88 158 222
59 102 172 236
59 110 180 244
59 119 188 252
60 75 144 208
60 83 150 214
60 89 158 222
60 95 164 228
60 103 172 236
60 111 180 244
60 127 194 258
61 68 136 200
61 76 144 208
61 84 150 214
61 90 158 222
61 96 164 228
61 104 172 236
61 112 180 244
61 120 188 252
61 128 194 258
62 69 136 201
62 77 144 209
62 91 158 223
62 97 164 229
62 105 172 237
62 113 180 245
62 121 188 253
62 129 194 259
63 70 136 201
63 78 144 209
63 92 158 223
63 98 164 229
63 106 172 237
63 114 180 245
63 122 188 253
64 71 136 201
64 79 144 209
64 85 150 215
64 93 158 223
64 99 164 229
64 107 172 237
64 115 180 245
64 123 188 253