280 0 484
c1l1
c2l1
c4l1
c6l1
c7l1
c8l1
c9l1
c4l2
c5l2
c6l2
c7l2
c9l2
c2l3
c5l3
c6l3
c8l3
c9l3
c2l4
c3l4
c4l4
c5l4
c6l4
c7l4
c8l4
c9l4
c1l5
c2l5
c3l5
c4l5
c5l5
c6l5
c7l5
c8l5
c9l5
c1l6
c2l6
c3l6
c4l6
c5l6
c6l6
c7l6
c8l6
c9l6
c1l7
c2l7
c3l7
c4l7
c5l7
c6l7
c7l7
c8l7
c9l7
c1l8
c2l8
c3l8
c4l8
c5l8
c6l8
c7l8
c8l8
c9l8
c1l9
c2l9
c3l9
c4l9
c5l9
c6l9
c7l9
c8l9
c9l9
c1n1
c3n1
c4n1
c6n1
c7n1
c8n1
c9n1
c2n2
c3n2
c4n2
c5n2
c6n2
c7n2
c8n2
c9n2
c1n3
c2n3
c4n3
c5n3
c6n3
c8n3
c9n3
c2n4
c3n4
c4n4
c5n4
c6n4
c7n4
c8n4
c9n4
c2n5
c5n5
c6n5
c7n5
c8n5
c9n5
c1n6
c2n6
c4n6
c5n6
c6n6
c7n6
c8n6
c9n6
c1n7
c2n7
c3n7
c4n7
c5n7
c6n7
c7n7
c8n7
c9n7
c1n8
c2n8
c3n8
c4n8
c5n8
c6n8
c7n8
c8n8
c9n8
c1n9
c2n9
c3n9
c4n9
c5n9
c6n9
c7n9
c9n9
l3n1
l4n1
l5n1
l6n1
l7n1
l8n1
l9n1
l1n2
l2n2
l4n2
l5n2
l6n2
l7n2
l8n2
l9n2
l2n3
l4n3
l5n3
l6n3
l7n3
l8n3
l9n3
l1n4
l3n4
l4n4
l5n4
l6n4
l7n4
l8n4
l9n4
l1n5
l5n5
l6n5
l7n5
l8n5
l9n5
l1n6
l2n6
l4n6
l5n6
l6n6
l7n6
l8n6
l9n6
l1n7
l2n7
l3n7
l4n7
l5n7
l6n7
l7n7
l8n7
l9n7
l1n8
l2n8
l3n8
l4n8
l5n8
l6n8
l7n8
l8n8
l9n8
l1n9
l3n9
l4n9
l5n9
l6n9
l7n9
l8n9
l9n9
b2n1
b3n1
b4n1
b5n1
b6n1
b7n1
b8n1
b1n2
b2n2
b3n2
b4n2
b5n2
b6n2
b7n2
b8n2
b1n3
b3n3
b4n3
b5n3
b6n3
b7n3
b8n3
b1n4
b2n4
b3n4
b4n4
b5n4
b6n4
b7n4
b8n4
b2n5
b4n5
b5n5
b6n5
b7n5
b8n5
b1n6
b2n6
b3n6
b4n6
b5n6
b6n6
b7n6
b8n6
b0n7
b1n7
b2n7
b3n7
b4n7
b5n7
b6n7
b7n7
b8n7
b0n8
b1n8
b2n8
b3n8
b4n8
b5n8
b6n8
b7n8
b8n8
b0n9
b1n9
b3n9
b4n9
b5n9
b6n9
b7n9
b8n9
0 114 184 254
0 123 193 263
0 132 202 272
1 115 184 254
1 124 193 263
1 133 202 272
2 79 147 217
2 94 162 232
2 108 176 246
2 117 184 255
2 126 193 264
2 135 202 273
3 81 147 217
3 96 162 232
3 110 176 246
3 119 184 255
3 128 193 264
3 137 202 273
4 82 147 218
4 97 162 233
4 103 170 240
4 111 176 247
4 120 184 256
4 129 193 265
5 83 147 218
5 98 162 233
5 104 170 240
5 112 176 247
5 121 184 256
5 130 193 265
6 84 147 218
6 99 162 233
6 105 170 240
6 113 176 247
6 122 184 256
6 131 193 265
7 79 148 217
7 87 155 225
7 108 177 246
7 117 185 255
7 126 194 264
8 80 148 217
8 88 155 225
8 109 177 246
8 118 185 255
8 127 194 264
9 81 148 217
9 89 155 225
9 110 177 246
9 119 185 255
9 128 194 264
10 82 148 218
10 111 177 247
10 120 185 256
10 129 194 265
11 84 148 218
11 113 177 247
11 122 185 256
11 131 194 265
12 115 186 254
12 124 195 263
12 133 203 272
13 95 163 232
13 118 186 255
13 127 195 264
13 136 203 273
14 96 163 232
14 119 186 255
14 128 195 264
14 137 203 273
15 75 140 210
15 98 163 233
15 121 186 256
15 130 195 265
16 76 140 210
16 99 163 233
16 122 186 256
16 131 195 265
17 77 149 219
17 86 156 226
17 92 164 234
17 107 178 248
17 115 187 257
17 124 196 266
17 133 204 274
18 71 141 211
18 78 149 219
18 93 164 234
18 116 187 257
18 125 196 266
18 134 204 274
19 72 141 212
19 79 149 220
19 87 156 227
19 94 164 235
19 108 178 249
19 117 187 258
19 126 196 267
19 135 204 275
20 80 149 220
20 88 156 227
20 95 164 235
20 109 178 249
20 118 187 258
20 127 196 267
20 136 204 275
21 73 141 212
21 81 149 220
21 89 156 227
21 96 164 235
21 110 178 249
21 119 187 258
21 128 196 267
21 137 204 275
22 74 141 213
22 82 149 221
22 97 164 236
22 111 178 250
22 120 187 259
22 129 196 268
22 138 204 276
23 75 141 213
23 83 149 221
23 90 156 228
23 98 164 236
23 112 178 250
23 121 187 259
23 130 196 268
24 76 141 213
24 84 149 221
24 91 156 228
24 99 164 236
24 113 178 250
24 122 187 259
24 131 196 268
24 139 204 276
25 70 142 211
25 85 157 226
25 106 179 248
25 114 188 257
25 123 197 266
25 132 205 274
26 77 150 219
26 86 157 226
26 92 165 234
26 107 179 248
26 115 188 257
26 124 197 266
26 133 205 274
27 71 142 211
27 78 150 219
27 93 165 234
27 116 188 257
27 125 197 266
27 134 205 274
28 72 142 212
28 79 150 220
28 87 157 227
28 94 165 235
28 108 179 249
28 117 188 258
28 126 197 267
28 135 205 275
29 80 150 220
29 88 157 227
29 95 165 235
29 101 171 241
29 109 179 249
29 118 188 258
29 127 197 267
29 136 205 275
30 73 142 212
30 81 150 220
30 89 157 227
30 96 165 235
30 102 171 241
30 110 179 249
30 119 188 258
30 128 197 267
30 137 205 275
31 74 142 213
31 82 150 221
31 97 165 236
31 103 171 242
31 111 179 250
31 120 188 259
31 129 197 268
31 138 205 276
32 75 142 213
32 83 150 221
32 90 157 228
32 98 165 236
32 104 171 242
32 112 179 250
32 121 188 259
32 130 197 268
33 76 142 213
33 84 150 221
33 91 157 228
33 99 165 236
33 105 171 242
33 113 179 250
33 122 188 259
33 131 197 268
33 139 205 276
34 70 143 211
34 85 158 226
34 106 180 248
34 114 189 257
34 123 198 266
34 132 206 274
35 77 151 219
35 86 158 226
35 92 166 234
35 107 180 248
35 115 189 257
35 124 198 266
35 133 206 274
36 71 143 211
36 78 151 219
36 93 166 234
36 116 189 257
36 125 198 266
36 134 206 274
37 72 143 212
37 79 151 220
37 87 158 227
37 94 166 235
37 108 180 249
37 117 189 258
37 126 198 267
37 135 206 275
38 80 151 220
38 88 158 227
38 95 166 235
38 101 172 241
38 109 180 249
38 118 189 258
38 127 198 267
38 136 206 275
39 73 143 212
39 81 151 220
39 89 158 227
39 96 166 235
39 102 172 241
39 110 180 249
39 119 189 258
39 128 198 267
39 137 206 275
40 74 143 213
40 82 151 221
40 97 166 236
40 103 172 242
40 111 180 250
40 120 189 259
40 129 198 268
40 138 206 276
41 75 143 213
41 83 151 221
41 90 158 228
41 98 166 236
41 104 172 242
41 112 180 250
41 121 189 259
41 130 198 268
42 76 143 213
42 84 151 221
42 91 158 228
42 99 166 236
42 105 172 242
42 113 180 250
42 122 189 259
42 131 198 268
42 139 206 276
43 70 144 214
43 85 159 229
43 106 181 251
43 114 190 260
43 123 199 269
43 132 207 277
44 77 152 222
44 86 159 229
44 92 167 237
44 100 173 243
44 107 181 251
44 115 190 260
44 124 199 269
44 133 207 277
45 71 144 214
45 78 152 222
45 93 167 237
45 116 190 260
45 125 199 269
45 134 207 277
46 72 144 215
46 79 152 223
46 87 159 230
46 94 167 238
46 108 181 252
46 117 190 261
46 126 199 270
46 135 207 278
47 80 152 223
47 88 159 230
47 95 167 238
47 101 173 244
47 109 181 252
47 118 190 261
47 127 199 270
47 136 207 278
48 73 144 215
48 81 152 223
48 89 159 230
48 96 167 238
48 102 173 244
48 110 181 252
48 119 190 261
48 128 199 270
48 137 207 278
49 74 144 216
49 82 152 224
49 97 167 239
49 103 173 245
49 111 181 253
49 120 190 262
49 129 199 271
49 138 207 279
50 75 144 216
50 83 152 224
50 90 159 231
50 98 167 239
50 104 173 245
50 112 181 253
50 121 190 262
50 130 199 271
51 76 144 216
51 84 152 224
51 91 159 231
51 99 167 239
51 105 173 245
51 113 181 253
51 122 190 262
51 131 199 271
51 139 207 279
52 70 145 214
52 85 160 229
52 106 182 251
52 114 191 260
52 123 200 269
52 132 208 277
53 77 153 222
53 86 160 229
53 92 168 237
53 100 174 243
53 107 182 251
53 115 191 260
53 124 200 269
53 133 208 277
54 71 145 214
54 78 153 222
54 93 168 237
54 116 191 260
54 125 200 269
54 134 208 277
55 72 145 215
55 79 153 223
55 87 160 230
55 94 168 238
55 108 182 252
55 117 191 261
55 126 200 270
55 135 208 278
56 80 153 223
56 88 160 230
56 95 168 238
56 101 174 244
56 109 182 252
56 118 191 261
56 127 200 270
56 136 208 278
57 73 145 215
57 81 153 223
57 89 160 230
57 96 168 238
57 102 174 244
57 110 182 252
57 119 191 261
57 128 200 270
57 137 208 278
58 74 145 216
58 82 153 224
58 97 168 239
58 103 174 245
58 111 182 253
58 120 191 262
58 129 200 271
58 138 208 279
59 75 145 216
59 83 153 224
59 90 160 231
59 98 168 239
59 104 174 245
59 112 182 253
59 121 191 262
59 130 200 271
60 76 145 216
60 84 153 224
60 91 160 231
60 99 168 239
60 105 174 245
60 113 182 253
60 122 191 262
60 131 200 271
60 139 208 279
61 70 146 214
61 85 161 229
61 106 183 251
61 114 192 260
61 123 201 269
61 132 209 277
62 77 154 222
62 86 161 229
62 92 169 237
62 100 175 243
62 107 183 251
62 115 192 260
62 124 201 269
62 133 209 277
63 71 146 214
63 78 154 222
63 93 169 237
63 116 192 260
63 125 201 269
63 134 209 277
64 72 146 215
64 79 154 223
64 87 161 230
64 94 169 238
64 108 183 252
64 117 192 261
64 126 201 270
64 135 209 278
65 80 154 223
65 88 161 230
65 95 169 238
65 101 175 244
65 109 183 252
65 118 192 261
65 127 201 270
65 136 209 278
66 73 146 215
66 81 154 223
66 89 161 230
66 96 169 238
66 102 175 244
66 110 183 252
66 119 192 261
66 128 201 270
66 137 209 278
67 74 146 216
67 82 154 224
67 97 169 239
67 103 175 245
67 111 183 253
67 120 192 262
67 129 201 271
67 138 209 279
68 75 146 216
68 83 154 224
68 90 161 231
68 98 169 239
68 104 175 245
68 112 183 253
68 121 192 262
68 130 201 271
69 76 146 216
69 84 154 224
69 91 161 231
69 99 169 239
69 105 175 245
69 113 183 253
69 122 192 262
69 131 201 271
69 139 209 279