224 0 227
c1l1
c2l1
c4l1
c6l1
c7l1
c8l1
c9l1
c4l2
c5l2
c6l2
c7l2
c9l2
c2l3
c5l3
c6l3
c8l3
c9l3
c2l4
c3l4
c4l4
c6l4
c7l4
c8l4
c1l5
c3l5
c5l5
c6l5
c7l5
c1l6
c4l6
c5l6
c7l6
c9l6
c1l7
c2l7
c3l7
c6l7
c8l7
c1l8
c2l8
c3l8
c4l8
c5l8
c6l8
c7l8
c8l8
c9l8
c1l9
c2l9
c3l9
c4l9
c5l9
c6l9
c7l9
c8l9
c9l9
c1n1
c3n1
c4n1
c6n1
c7n1
c8n1
c9n1
c2n2
c3n2
c5n2
c6n2
c7n2
c8n2
c1n3
c4n3
c5n3
c6n3
c2n4
c3n4
c4n4
c5n4
c8n4
c9n4
c2n5
c5n5
c6n5
c7n5
c8n5
c9n5
c1n6
c2n6
c4n6
c6n6
c7n6
c9n6
c1n7
c3n7
c4n7
c5n7
c6n7
c7n7
c8n7
c9n7
c1n8
c2n8
c4n8
c6n8
c7n8
c8n8
c9n8
c1n9
c2n9
c3n9
c5n9
c6n9
c7n9
l3n1
l4n1
l5n1
l6n1
l7n1
l8n1
l9n1
l1n2
l2n2
l4n2
l6n2
l8n2
l9n2
l2n3
l4n3
l8n3
l9n3
l1n4
l3n4
l4n4
l5n4
l8n4
l9n4
l1n5
l5n5
l6n5
l7n5
l8n5
l9n5
l1n6
l2n6
l4n6
l5n6
l8n6
l9n6
l1n7
l2n7
l3n7
l4n7
l6n7
l7n7
l8n7
l9n7
l1n8
l2n8
l3n8
l5n8
l7n8
l8n8
l9n8
l1n9
l3n9
l6n9
l7n9
l8n9
l9n9
b2n1
b3n1
b4n1
b5n1
b6n1
b7n1
b8n1
b1n2
b2n2
b3n2
b4n2
b6n2
b8n2
b1n3
b4n3
b6n3
b7n3
b1n4
b2n4
b3n4
b5n4
b6n4
b7n4
b2n5
b4n5
b5n5
b6n5
b7n5
b8n5
b1n6
b2n6
b3n6
b4n6
b6n6
b8n6
b0n7
b1n7
b2n7
b4n7
b5n7
b6n7
b7n7
b8n7
b0n8
b1n8
b2n8
b5n8
b6n8
b7n8
b8n8
b0n9
b1n9
b3n9
b6n9
b7n9
b8n9
0 91 147 203
0 99 155 211
0 106 162 218
1 100 155 211
1 107 162 218
2 75 129 185
2 87 141 197
2 93 147 204
2 101 155 212
3 66 119 175
3 88 141 197
3 95 147 204
3 102 155 212
3 110 162 219
4 67 119 176
4 82 135 191
4 89 141 198
4 96 147 205
4 103 155 213
5 68 119 176
5 77 129 186
5 83 135 191
5 97 147 205
5 104 155 213
6 78 129 186
6 84 135 191
6 90 141 198
6 98 147 205
6 105 155 213
7 70 125 181
7 87 142 197
7 93 148 204
7 101 156 212
8 65 120 175
8 71 125 181
8 94 148 204
9 66 120 175
9 72 125 181
9 88 142 197
9 95 148 204
9 102 156 212
10 67 120 176
10 89 142 198
10 96 148 205
10 103 156 213
11 90 142 198
11 98 148 205
11 105 156 213
12 100 157 211
12 107 163 218
13 76 130 185
13 94 149 204
13 109 163 219
14 95 149 204
14 102 157 212
14 110 163 219
15 61 112 168
15 77 130 186
15 97 149 205
15 104 157 213
16 62 112 168
16 78 130 186
16 98 149 205
16 105 157 213
17 63 121 177
17 73 131 187
17 86 143 199
18 57 113 169
18 64 121 177
18 74 131 187
19 58 113 170
19 70 126 182
19 87 143 200
19 93 150 206
20 59 113 170
20 66 121 178
20 72 126 182
20 88 143 200
20 95 150 206
21 60 113 171
21 96 150 207
22 61 113 171
22 77 131 188
22 97 150 207
23 56 114 169
23 85 144 199
24 57 114 169
24 74 132 187
25 80 136 192
26 59 114 170
26 81 136 192
26 88 144 200
27 60 114 171
27 82 136 193
27 103 158 214
28 56 115 169
28 106 164 220
29 58 115 170
29 93 151 206
30 65 122 178
30 80 137 192
30 94 151 206
31 60 115 171
31 82 137 193
31 96 151 207
32 62 115 171
32 84 137 193
32 98 151 207
33 56 116 172
33 91 152 208
33 99 159 215
33 106 165 221
34 79 138 194
34 100 159 215
34 107 165 221
35 57 116 172
35 92 152 208
35 108 165 221
36 59 116 173
36 81 138 195
36 95 152 209
36 102 159 216
36 110 165 222
37 61 116 174
37 83 138 196
37 97 152 210
37 104 159 217
38 56 117 172
38 69 127 183
38 85 145 201
38 91 153 208
38 99 160 215
38 106 166 221
39 63 123 179
39 73 133 189
39 79 139 194
39 86 145 201
39 100 160 215
39 107 166 221
40 57 117 172
40 64 123 179
40 74 133 189
40 92 153 208
40 108 166 221
41 58 117 173
41 70 127 184
41 75 133 190
41 93 153 209
41 101 160 216
42 71 127 184
42 76 133 190
42 80 139 195
42 94 153 209
42 109 166 222
43 59 117 173
43 72 127 184
43 81 139 195
43 95 153 209
43 102 160 216
43 110 166 222
44 60 117 174
44 67 123 180
44 82 139 196
44 89 145 202
44 96 153 210
44 103 160 217
44 111 166 223
45 61 117 174
45 68 123 180
45 83 139 196
45 97 153 210
45 104 160 217
46 62 117 174
46 84 139 196
46 90 145 202
46 98 153 210
46 105 160 217
47 56 118 172
47 69 128 183
47 85 146 201
47 91 154 208
47 99 161 215
47 106 167 221
48 63 124 179
48 73 134 189
48 79 140 194
48 86 146 201
48 100 161 215
48 107 167 221
49 57 118 172
49 64 124 179
49 74 134 189
49 92 154 208
49 108 167 221
50 58 118 173
50 70 128 184
50 75 134 190
50 93 154 209
50 101 161 216
51 71 128 184
51 76 134 190
51 80 140 195
51 94 154 209
51 109 167 222
52 59 118 173
52 72 128 184
52 81 140 195
52 95 154 209
52 102 161 216
52 110 167 222
53 60 118 174
53 67 124 180
53 82 140 196
53 89 146 202
53 96 154 210
53 103 161 217
53 111 167 223
54 61 118 174
54 68 124 180
54 83 140 196
54 97 154 210
54 104 161 217
55 62 118 174
55 84 140 196
55 90 146 202
55 98 154 210
55 105 161 217