244 0 313
c1l1
c2l1
c4l1
c6l1
c7l1
c8l1
c9l1
c4l2
c5l2
c6l2
c7l2
c9l2
c2l3
c5l3
c6l3
c8l3
c9l3
c2l4
c3l4
c4l4
c6l4
c7l4
c8l4
c1l5
c3l5
c5l5
c6l5
c7l5
c1l6
c4l6
c5l6
c7l6
c8l6
c9l6
c1l7
c2l7
c3l7
c4l7
c5l7
c6l7
c7l7
c8l7
c9l7
c1l8
c2l8
c3l8
c4l8
c5l8
c6l8
c7l8
c8l8
c9l8
c1l9
c2l9
c3l9
c4l9
c5l9
c6l9
c7l9
c8l9
c9l9
c1n1
c3n1
c4n1
c6n1
c7n1
c8n1
c9n1
c2n2
c3n2
c4n2
c5n2
c6n2
c7n2
c8n2
c1n3
c4n3
c5n3
c6n3
c9n3
c2n4
c3n4
c4n4
c5n4
c7n4
c8n4
c9n4
c2n5
c5n5
c6n5
c7n5
c8n5
c9n5
c1n6
c2n6
c4n6
c5n6
c6n6
c7n6
c8n6
c9n6
c1n7
c3n7
c4n7
c5n7
c6n7
c7n7
c8n7
c9n7
c1n8
c2n8
c4n8
c6n8
c7n8
c8n8
c9n8
c1n9
c2n9
c3n9
c5n9
c6n9
c7n9
l3n1
l4n1
l5n1
l6n1
l7n1
l8n1
l9n1
l1n2
l2n2
l4n2
l6n2
l7n2
l8n2
l9n2
l2n3
l4n3
l7n3
l8n3
l9n3
l1n4
l3n4
l4n4
l5n4
l7n4
l8n4
l9n4
l1n5
l5n5
l6n5
l7n5
l8n5
l9n5
l1n6
l2n6
l4n6
l5n6
l6n6
l7n6
l8n6
l9n6
l1n7
l2n7
l3n7
l4n7
l6n7
l7n7
l8n7
l9n7
l1n8
l2n8
l3n8
l5n8
l7n8
l8n8
l9n8
l1n9
l3n9
l6n9
l7n9
l8n9
l9n9
b2n1
b3n1
b4n1
b5n1
b6n1
b7n1
b8n1
b1n2
b2n2
b3n2
b4n2
b6n2
b7n2
b8n2
b1n3
b4n3
b6n3
b7n3
b8n3
b1n4
b2n4
b3n4
b5n4
b6n4
b7n4
b8n4
b2n5
b4n5
b5n5
b6n5
b7n5
b8n5
b1n6
b2n6
b3n6
b4n6
b5n6
b6n6
b7n6
b8n6
b0n7
b1n7
b2n7
b4n7
b5n7
b6n7
b7n7
b8n7
b0n8
b1n8
b2n8
b5n8
b6n8
b7n8
b8n8
b0n9
b1n9
b3n9
b6n9
b7n9
b8n9
0 101 162 223
0 109 170 231
0 116 177 238
1 110 170 231
1 117 177 238
2 70 129 190
2 82 141 202
2 95 154 215
2 103 162 224
2 111 170 232
3 72 129 190
3 97 154 215
3 105 162 224
3 112 170 232
3 120 177 239
4 73 129 191
4 84 141 203
4 90 148 209
4 98 154 216
4 106 162 225
4 113 170 233
5 74 129 191
5 85 141 203
5 91 148 209
5 99 154 216
5 107 162 225
5 114 170 233
6 86 141 203
6 92 148 209
6 100 154 216
6 108 162 225
6 115 170 233
7 70 130 190
7 76 136 197
7 95 155 215
7 103 163 224
7 111 171 232
8 71 130 190
8 77 136 197
8 96 155 215
8 104 163 224
9 72 130 190
9 78 136 197
9 97 155 215
9 105 163 224
9 112 171 232
10 73 130 191
10 98 155 216
10 106 163 225
10 113 171 233
11 100 155 216
11 108 163 225
11 115 171 233
12 110 172 231
12 117 178 238
13 83 142 202
13 104 164 224
13 119 178 239
14 105 164 224
14 112 172 232
14 120 178 239
15 66 122 183
15 85 142 203
15 107 164 225
15 114 172 233
16 67 122 183
16 86 142 203
16 108 164 225
16 115 172 233
17 68 131 192
17 80 143 204
17 94 156 217
18 62 123 184
18 69 131 192
18 81 143 204
19 63 123 185
19 70 131 193
19 76 137 198
19 95 156 218
19 103 165 226
20 64 123 185
20 72 131 193
20 78 137 198
20 97 156 218
20 105 165 226
21 65 123 186
21 84 143 205
21 98 156 219
21 106 165 227
22 66 123 186
22 85 143 205
22 99 156 219
22 107 165 227
23 61 124 184
23 93 157 217
24 62 124 184
24 81 144 204
25 88 149 210
25 96 157 218
26 64 124 185
26 89 149 210
26 97 157 218
27 65 124 186
27 84 144 205
27 90 149 211
27 98 157 219
27 113 173 234
28 61 125 184
28 93 158 217
28 116 179 240
29 63 125 185
29 70 132 193
29 95 158 218
29 103 166 226
30 71 132 193
30 88 150 210
30 96 158 218
30 104 166 226
31 65 125 186
31 90 150 211
31 98 158 219
31 106 166 227
32 66 125 186
32 91 150 211
32 99 158 219
32 107 166 227
33 67 125 186
33 92 150 211
33 100 158 219
33 108 166 227
34 61 126 187
34 75 138 199
34 93 159 220
34 101 167 228
34 109 174 235
34 116 180 241
35 68 133 194
35 80 145 206
35 87 151 212
35 94 159 220
35 110 174 235
35 117 180 241
36 62 126 187
36 69 133 194
36 81 145 206
36 102 167 228
36 118 180 241
37 63 126 188
37 70 133 195
37 76 138 200
37 82 145 207
37 95 159 221
37 103 167 229
37 111 174 236
38 71 133 195
38 77 138 200
38 83 145 207
38 88 151 213
38 96 159 221
38 104 167 229
38 119 180 242
39 64 126 188
39 72 133 195
39 78 138 200
39 89 151 213
39 97 159 221
39 105 167 229
39 112 174 236
39 120 180 242
40 65 126 189
40 73 133 196
40 84 145 208
40 90 151 214
40 98 159 222
40 106 167 230
40 113 174 237
40 121 180 243
41 66 126 189
41 74 133 196
41 85 145 208
41 91 151 214
41 99 159 222
41 107 167 230
41 114 174 237
42 67 126 189
42 79 138 201
42 86 145 208
42 92 151 214
42 100 159 222
42 108 167 230
42 115 174 237
43 61 127 187
43 75 139 199
43 93 160 220
43 101 168 228
43 109 175 235
43 116 181 241
44 68 134 194
44 80 146 206
44 87 152 212
44 94 160 220
44 110 175 235
44 117 181 241
45 62 127 187
45 69 134 194
45 81 146 206
45 102 168 228
45 118 181 241
46 63 127 188
46 70 134 195
46 76 139 200
46 82 146 207
46 95 160 221
46 103 168 229
46 111 175 236
47 71 134 195
47 77 139 200
47 83 146 207
47 88 152 213
47 96 160 221
47 104 168 229
47 119 181 242
48 64 127 188
48 72 134 195
48 78 139 200
48 89 152 213
48 97 160 221
48 105 168 229
48 112 175 236
48 120 181 242
49 65 127 189
49 73 134 196
49 84 146 208
49 90 152 214
49 98 160 222
49 106 168 230
49 113 175 237
49 121 181 243
50 66 127 189
50 74 134 196
50 85 146 208
50 91 152 214
50 99 160 222
50 107 168 230
50 114 175 237
51 67 127 189
51 79 139 201
51 86 146 208
51 92 152 214
51 100 160 222
51 108 168 230
51 115 175 237
52 61 128 187
52 75 140 199
52 93 161 220
52 101 169 228
52 109 176 235
52 116 182 241
53 68 135 194
53 80 147 206
53 87 153 212
53 94 161 220
53 110 176 235
53 117 182 241
54 62 128 187
54 69 135 194
54 81 147 206
54 102 169 228
54 118 182 241
55 63 128 188
55 70 135 195
55 76 140 200
55 82 147 207
55 95 161 221
55 103 169 229
55 111 176 236
56 71 135 195
56 77 140 200
56 83 147 207
56 88 153 213
56 96 161 221
56 104 169 229
56 119 182 242
57 64 128 188
57 72 135 195
57 78 140 200
57 89 153 213
57 97 161 221
57 105 169 229
57 112 176 236
57 120 182 242
58 65 128 189
58 73 135 196
58 84 147 208
58 90 153 214
58 98 161 222
58 106 169 230
58 113 176 237
58 121 182 243
59 66 128 189
59 74 135 196
59 85 147 208
59 91 153 214
59 99 161 222
59 107 169 230
59 114 176 237
60 67 128 189
60 79 140 201
60 86 147 208
60 92 153 214
60 100 161 222
60 108 169 230
60 115 176 237