216 0 197
c1l1
c2l1
c4l1
c6l1
c7l1
c8l1
c9l1
c4l2
c5l2
c6l2
c7l2
c9l2
c2l3
c5l3
c6l3
c8l3
c9l3
c2l4
c3l4
c4l4
c6l4
c7l4
c8l4
c1l5
c3l5
c5l5
c6l5
c7l5
c1l6
c4l6
c5l6
c7l6
c9l6
c1l7
c2l7
c3l7
c6l7
c8l7
c1l8
c2l8
c3l8
c5l8
c6l8
c7l8
c8l8
c1l9
c2l9
c3l9
c4l9
c5l9
c6l9
c7l9
c8l9
c9l9
c1n1
c3n1
c4n1
c6n1
c7n1
c8n1
c9n1
c2n2
c3n2
c5n2
c6n2
c7n2
c8n2
c1n3
c5n3
c6n3
c2n4
c3n4
c4n4
c5n4
c8n4
c9n4
c2n5
c5n5
c6n5
c7n5
c8n5
c9n5
c1n6
c2n6
c4n6
c6n6
c7n6
c9n6
c1n7
c3n7
c4n7
c5n7
c6n7
c7n7
c8n7
c9n7
c1n8
c2n8
c4n8
c6n8
c7n8
c8n8
c1n9
c2n9
c3n9
c5n9
c6n9
c7n9
l3n1
l4n1
l5n1
l6n1
l7n1
l8n1
l9n1
l1n2
l2n2
l4n2
l6n2
l8n2
l9n2
l2n3
l4n3
l9n3
l1n4
l3n4
l4n4
l5n4
l8n4
l9n4
l1n5
l5n5
l6n5
l7n5
l8n5
l9n5
l1n6
l2n6
l4n6
l5n6
l8n6
l9n6
l1n7
l2n7
l3n7
l4n7
l6n7
l7n7
l8n7
l9n7
l1n8
l2n8
l3n8
l5n8
l7n8
l9n8
l1n9
l3n9
l6n9
l7n9
l8n9
l9n9
b2n1
b3n1
b4n1
b5n1
b6n1
b7n1
b8n1
b1n2
b2n2
b3n2
b4n2
b6n2
b8n2
b1n3
b4n3
b6n3
b1n4
b2n4
b3n4
b5n4
b6n4
b7n4
b2n5
b4n5
b5n5
b6n5
b7n5
b8n5
b1n6
b2n6
b3n6
b4n6
b6n6
b8n6
b0n7
b1n7
b2n7
b4n7
b5n7
b6n7
b7n7
b8n7
b0n8
b1n8
b2n8
b5n8
b6n8
b7n8
b0n9
b1n9
b3n9
b6n9
b7n9
b8n9
0 88 142 196
0 96 150 204
0 102 156 210
1 97 150 204
1 103 156 210
2 72 124 178
2 84 136 190
2 90 142 197
2 98 150 205
3 64 115 169
3 85 136 190
3 92 142 197
3 99 150 205
3 106 156 211
4 65 115 170
4 79 130 184
4 86 136 191
4 93 142 198
4 100 150 206
5 66 115 170
5 74 124 179
5 80 130 184
5 94 142 198
5 101 150 206
6 75 124 179
6 81 130 184
6 87 136 191
6 95 142 198
7 84 137 190
7 90 143 197
7 98 151 205
8 63 116 169
8 68 121 175
8 91 143 197
9 64 116 169
9 69 121 175
9 85 137 190
9 92 143 197
9 99 151 205
10 65 116 170
10 86 137 191
10 93 143 198
10 100 151 206
11 87 137 191
11 95 143 198
12 97 152 204
12 103 157 210
13 73 125 178
13 91 144 197
13 105 157 211
14 92 144 197
14 99 152 205
14 106 157 211
15 59 108 162
15 74 125 179
15 94 144 198
15 101 152 206
16 60 108 162
16 75 125 179
16 95 144 198
17 61 117 171
17 70 126 180
17 83 138 192
18 55 109 163
18 62 117 171
18 71 126 180
19 56 109 164
19 84 138 193
19 90 145 199
20 57 109 164
20 64 117 172
20 69 122 176
20 85 138 193
20 92 145 199
21 58 109 165
21 93 145 200
22 59 109 165
22 74 126 181
22 94 145 200
23 54 110 163
23 82 139 192
24 55 110 163
24 71 127 180
25 77 131 185
26 57 110 164
26 78 131 185
26 85 139 193
27 58 110 165
27 79 131 186
27 100 153 207
28 54 111 163
28 102 158 212
29 56 111 164
29 90 146 199
30 63 118 172
30 77 132 185
30 91 146 199
31 58 111 165
31 79 132 186
31 93 146 200
32 60 111 165
32 81 132 186
32 95 146 200
33 54 112 166
33 88 147 201
33 96 154 208
33 102 159 213
34 76 133 187
34 97 154 208
34 103 159 213
35 55 112 166
35 89 147 201
35 104 159 213
36 57 112 167
36 78 133 188
36 92 147 202
36 99 154 209
36 106 159 214
37 59 112 168
37 80 133 189
37 94 147 203
38 54 113 166
38 82 140 194
38 88 148 201
38 102 160 213
39 61 119 173
39 70 128 182
39 76 134 187
39 83 140 194
39 103 160 213
40 55 113 166
40 62 119 173
40 71 128 182
40 89 148 201
40 104 160 213
41 73 128 183
41 77 134 188
41 91 148 202
41 105 160 214
42 57 113 167
42 78 134 188
42 92 148 202
42 106 160 214
43 58 113 168
43 65 119 174
43 79 134 189
43 86 140 195
43 93 148 203
43 107 160 215
44 59 113 168
44 66 119 174
44 80 134 189
44 94 148 203
45 54 114 166
45 67 123 177
45 82 141 194
45 88 149 201
45 96 155 208
45 102 161 213
46 61 120 173
46 70 129 182
46 76 135 187
46 83 141 194
46 97 155 208
46 103 161 213
47 55 114 166
47 62 120 173
47 71 129 182
47 89 149 201
47 104 161 213
48 56 114 167
48 72 129 183
48 90 149 202
48 98 155 209
49 73 129 183
49 77 135 188
49 91 149 202
49 105 161 214
50 57 114 167
50 78 135 188
50 92 149 202
50 99 155 209
50 106 161 214
51 58 114 168
51 65 120 174
51 79 135 189
51 86 141 195
51 93 149 203
51 107 161 215
52 59 114 168
52 66 120 174
52 80 135 189
52 94 149 203
53 60 114 168
53 81 135 189
53 87 141 195
53 95 149 203