256 0 361
c1l1
c2l1
c4l1
c6l1
c7l1
c8l1
c9l1
c4l2
c5l2
c6l2
c7l2
c9l2
c2l3
c5l3
c6l3
c8l3
c9l3
c2l4
c3l4
c4l4
c6l4
c7l4
c8l4
c1l5
c3l5
c5l5
c6l5
c7l5
c1l6
c2l6
c3l6
c4l6
c5l6
c6l6
c7l6
c8l6
c9l6
c1l7
c2l7
c3l7
c4l7
c5l7
c6l7
c7l7
c8l7
c9l7
c1l8
c2l8
c3l8
c4l8
c5l8
c6l8
c7l8
c8l8
c9l8
c1l9
c2l9
c3l9
c4l9
c5l9
c6l9
c7l9
c8l9
c9l9
c1n1
c3n1
c4n1
c6n1
c7n1
c8n1
c9n1
c2n2
c3n2
c4n2
c5n2
c6n2
c7n2
c8n2
c1n3
c2n3
c4n3
c5n3
c6n3
c9n3
c2n4
c3n4
c4n4
c5n4
c6n4
c7n4
c8n4
c9n4
c2n5
c5n5
c6n5
c7n5
c8n5
c9n5
c1n6
c2n6
c4n6
c5n6
c6n6
c7n6
c8n6
c9n6
c1n7
c3n7
c4n7
c5n7
c6n7
c7n7
c8n7
c9n7
c1n8
c2n8
c3n8
c4n8
c6n8
c7n8
c8n8
c9n8
c1n9
c2n9
c3n9
c5n9
c6n9
c7n9
l3n1
l4n1
l5n1
l6n1
l7n1
l8n1
l9n1
l1n2
l2n2
l4n2
l6n2
l7n2
l8n2
l9n2
l2n3
l4n3
l6n3
l7n3
l8n3
l9n3
l1n4
l3n4
l4n4
l5n4
l6n4
l7n4
l8n4
l9n4
l1n5
l5n5
l6n5
l7n5
l8n5
l9n5
l1n6
l2n6
l4n6
l5n6
l6n6
l7n6
l8n6
l9n6
l1n7
l2n7
l3n7
l4n7
l6n7
l7n7
l8n7
l9n7
l1n8
l2n8
l3n8
l5n8
l6n8
l7n8
l8n8
l9n8
l1n9
l3n9
l6n9
l7n9
l8n9
l9n9
b2n1
b3n1
b4n1
b5n1
b6n1
b7n1
b8n1
b1n2
b2n2
b3n2
b4n2
b6n2
b7n2
b8n2
b1n3
b3n3
b4n3
b6n3
b7n3
b8n3
b1n4
b2n4
b3n4
b4n4
b5n4
b6n4
b7n4
b8n4
b2n5
b4n5
b5n5
b6n5
b7n5
b8n5
b1n6
b2n6
b3n6
b4n6
b5n6
b6n6
b7n6
b8n6
b0n7
b1n7
b2n7
b4n7
b5n7
b6n7
b7n7
b8n7
b0n8
b1n8
b2n8
b3n8
b5n8
b6n8
b7n8
b8n8
b0n9
b1n9
b3n9
b6n9
b7n9
b8n9
0 106 170 234
0 114 178 242
0 122 186 250
1 115 178 242
1 123 186 250
2 73 135 199
2 86 148 212
2 100 162 226
2 108 170 235
2 117 178 243
3 75 135 199
3 88 148 212
3 102 162 226
3 110 170 235
3 118 178 243
3 126 186 251
4 76 135 200
4 89 148 213
4 95 156 220
4 103 162 227
4 111 170 236
4 119 178 244
5 77 135 200
5 90 148 213
5 96 156 220
5 104 162 227
5 112 170 236
5 120 178 244
6 91 148 213
6 97 156 220
6 105 162 227
6 113 170 236
6 121 178 244
7 73 136 199
7 80 142 206
7 100 163 226
7 108 171 235
7 117 179 243
8 74 136 199
8 81 142 206
8 101 163 226
8 109 171 235
9 75 136 199
9 82 142 206
9 102 163 226
9 110 171 235
9 118 179 243
10 76 136 200
10 103 163 227
10 111 171 236
10 119 179 244
11 105 163 227
11 113 171 236
11 121 179 244
12 115 180 242
12 123 187 250
13 87 149 212
13 109 172 235
13 125 187 251
14 88 149 212
14 110 172 235
14 118 180 243
14 126 187 251
15 69 128 192
15 90 149 213
15 112 172 236
15 120 180 244
16 70 128 192
16 91 149 213
16 113 172 236
16 121 180 244
17 71 137 201
17 79 143 207
17 84 150 214
17 99 164 228
18 65 129 193
18 72 137 201
18 85 150 214
19 66 129 194
19 73 137 202
19 80 143 208
19 86 150 215
19 100 164 229
19 108 173 237
20 67 129 194
20 75 137 202
20 82 143 208
20 88 150 215
20 102 164 229
20 110 173 237
21 68 129 195
21 89 150 216
21 103 164 230
21 111 173 238
22 69 129 195
22 90 150 216
22 104 164 230
22 112 173 238
23 64 130 193
23 98 165 228
23 114 181 245
24 65 130 193
24 85 151 214
24 116 181 245
25 87 151 215
25 93 157 221
25 101 165 229
26 67 130 194
26 88 151 215
26 94 157 221
26 102 165 229
27 68 130 195
27 89 151 216
27 95 157 222
27 103 165 230
27 119 181 246
28 64 131 193
28 78 144 207
28 98 166 228
28 114 182 245
28 122 188 252
29 71 138 201
29 79 144 207
29 84 152 214
29 99 166 228
29 115 182 245
29 123 188 252
30 65 131 193
30 72 138 201
30 85 152 214
30 116 182 245
30 124 188 252
31 66 131 194
31 73 138 202
31 80 144 208
31 86 152 215
31 100 166 229
31 108 174 237
32 74 138 202
32 81 144 208
32 87 152 215
32 93 158 221
32 101 166 229
32 109 174 237
33 67 131 194
33 75 138 202
33 82 144 208
33 88 152 215
33 94 158 221
33 102 166 229
33 110 174 237
34 68 131 195
34 89 152 216
34 95 158 222
34 103 166 230
34 111 174 238
34 119 182 246
35 69 131 195
35 90 152 216
35 96 158 222
35 104 166 230
35 112 174 238
35 120 182 246
36 70 131 195
36 91 152 216
36 97 158 222
36 105 166 230
36 113 174 238
36 121 182 246
37 64 132 196
37 78 145 209
37 98 167 231
37 106 175 239
37 114 183 247
37 122 189 253
38 71 139 203
38 79 145 209
38 84 153 217
38 92 159 223
38 99 167 231
38 115 183 247
38 123 189 253
39 65 132 196
39 72 139 203
39 85 153 217
39 107 175 239
39 116 183 247
39 124 189 253
40 66 132 197
40 73 139 204
40 80 145 210
40 86 153 218
40 100 167 232
40 108 175 240
40 117 183 248
41 74 139 204
41 81 145 210
41 87 153 218
41 93 159 224
41 101 167 232
41 109 175 240
41 125 189 254
42 67 132 197
42 75 139 204
42 82 145 210
42 88 153 218
42 94 159 224
42 102 167 232
42 110 175 240
42 118 183 248
42 126 189 254
43 68 132 198
43 76 139 205
43 89 153 219
43 95 159 225
43 103 167 233
43 111 175 241
43 119 183 249
43 127 189 255
44 69 132 198
44 77 139 205
44 90 153 219
44 96 159 225
44 104 167 233
44 112 175 241
44 120 183 249
45 70 132 198
45 83 145 211
45 91 153 219
45 97 159 225
45 105 167 233
45 113 175 241
45 121 183 249
46 64 133 196
46 78 146 209
46 98 168 231
46 106 176 239
46 114 184 247
46 122 190 253
47 71 140 203
47 79 146 209
47 84 154 217
47 92 160 223
47 99 168 231
47 115 184 247
47 123 190 253
48 65 133 196
48 72 140 203
48 85 154 217
48 107 176 239
48 116 184 247
48 124 190 253
49 66 133 197
49 73 140 204
49 80 146 210
49 86 154 218
49 100 168 232
49 108 176 240
49 117 184 248
50 74 140 204
50 81 146 210
50 87 154 218
50 93 160 224
50 101 168 232
50 109 176 240
50 125 190 254
51 67 133 197
51 75 140 204
51 82 146 210
51 88 154 218
51 94 160 224
51 102 168 232
51 110 176 240
51 118 184 248
51 126 190 254
52 68 133 198
52 76 140 205
52 89 154 219
52 95 160 225
52 103 168 233
52 111 176 241
52 119 184 249
52 127 190 255
53 69 133 198
53 77 140 205
53 90 154 219
53 96 160 225
53 104 168 233
53 112 176 241
53 120 184 249
54 70 133 198
54 83 146 211
54 91 154 219
54 97 160 225
54 105 168 233
54 113 176 241
54 121 184 249
55 64 134 196
55 78 147 209
55 98 169 231
55 106 177 239
55 114 185 247
55 122 191 253
56 71 141 203
56 79 147 209
56 84 155 217
56 92 161 223
56 99 169 231
56 115 185 247
56 123 191 253
57 65 134 196
57 72 141 203
57 85 155 217
57 107 177 239
57 116 185 247
57 124 191 253
58 66 134 197
58 73 141 204
58 80 147 210
58 86 155 218
58 100 169 232
58 108 177 240
58 117 185 248
59 74 141 204
59 81 147 210
59 87 155 218
59 93 161 224
59 101 169 232
59 109 177 240
59 125 191 254
60 67 134 197
60 75 141 204
60 82 147 210
60 88 155 218
60 94 161 224
60 102 169 232
60 110 177 240
60 118 185 248
60 126 191 254
61 68 134 198
61 76 141 205
61 89 155 219
61 95 161 225
61 103 169 233
61 111 177 241
61 119 185 249
61 127 191 255
62 69 134 198
62 77 141 205
62 90 155 219
62 96 161 225
62 104 169 233
62 112 177 241
62 120 185 249
63 70 134 198
63 83 147 211
63 91 155 219
63 97 161 225
63 105 169 233
63 113 177 241
63 121 185 249