256 0 307
c1l1
c2l1
c3l1
c4l1
c5l1
c6l1
c8l1
c9l1
c2l2
c3l2
c5l2
c6l2
c7l2
c8l2
c9l2
c1l3
c2l3
c3l3
c4l3
c5l3
c6l3
c8l3
c2l4
c3l4
c4l4
c5l4
c6l4
c7l4
c8l4
c9l4
c1l5
c2l5
c3l5
c4l5
c5l5
c8l5
c9l5
c1l6
c2l6
c3l6
c4l6
c7l6
c8l6
c9l6
c1l7
c3l7
c5l7
c6l7
c7l7
c8l7
c9l7
c1l8
c2l8
c3l8
c5l8
c6l8
c7l8
c9l8
c1l9
c4l9
c5l9
c6l9
c7l9
c9l9
c2n1
c3n1
c4n1
c5n1
c6n1
c8n1
c9n1
c1n2
c2n2
c3n2
c4n2
c5n2
c7n2
c8n2
c9n2
c1n3
c2n3
c4n3
c5n3
c8n3
c9n3
c1n4
c2n4
c3n4
c5n4
c6n4
c7n4
c9n4
c1n5
c3n5
c4n5
c6n5
c7n5
c8n5
c1n6
c2n6
c3n6
c4n6
c5n6
c6n6
c8n6
c9n6
c1n7
c2n7
c3n7
c4n7
c5n7
c6n7
c7n7
c9n7
c1n8
c3n8
c5n8
c6n8
c7n8
c8n8
c9n8
c2n9
c3n9
c5n9
c6n9
c7n9
c8n9
c9n9
l1n1
l4n1
l5n1
l6n1
l7n1
l8n1
l9n1
l1n2
l2n2
l3n2
l4n2
l6n2
l7n2
l8n2
l9n2
l2n3
l3n3
l4n3
l5n3
l7n3
l8n3
l1n4
l3n4
l4n4
l5n4
l6n4
l7n4
l8n4
l1n5
l2n5
l4n5
l5n5
l8n5
l9n5
l1n6
l2n6
l3n6
l4n6
l6n6
l7n6
l8n6
l9n6
l1n7
l2n7
l3n7
l4n7
l5n7
l6n7
l7n7
l9n7
l1n8
l2n8
l3n8
l4n8
l5n8
l6n8
l8n8
l1n9
l2n9
l3n9
l5n9
l6n9
l7n9
l9n9
b1n1
b3n1
b4n1
b5n1
b6n1
b7n1
b8n1
b0n2
b1n2
b2n2
b3n2
b5n2
b6n2
b7n2
b8n2
b0n3
b1n3
b3n3
b5n3
b7n3
b8n3
b0n4
b2n4
b3n4
b4n4
b5n4
b6n4
b7n4
b0n5
b1n5
b3n5
b5n5
b7n5
b8n5
b0n6
b1n6
b2n6
b3n6
b4n6
b6n6
b7n6
b8n6
b0n7
b1n7
b2n7
b3n7
b4n7
b5n7
b6n7
b7n7
b0n8
b1n8
b2n8
b3n8
b4n8
b5n8
b8n8
b0n9
b1n9
b2n9
b4n9
b5n9
b6n9
b8n9
0 71 135 199
0 85 149 213
0 92 156 220
0 98 162 226
0 106 170 234
0 114 178 242
1 72 135 199
1 86 149 213
1 99 162 226
1 107 170 234
1 121 185 249
2 73 135 199
2 87 149 213
2 93 156 220
2 100 162 226
2 108 170 234
2 115 178 242
2 122 185 249
3 66 128 192
3 74 135 200
3 94 156 221
3 101 162 227
3 109 170 235
4 67 128 192
4 75 135 200
4 102 162 227
4 110 170 235
4 116 178 243
4 123 185 250
5 68 128 192
5 95 156 221
5 103 162 227
5 111 170 235
5 117 178 243
5 124 185 250
6 77 135 201
6 104 162 228
6 119 178 244
6 126 185 251
7 78 135 201
7 91 149 214
7 105 162 228
7 113 170 236
7 120 178 244
7 127 185 251
8 72 136 199
8 80 143 207
8 99 163 226
8 107 171 234
8 121 186 249
9 73 136 199
9 93 157 220
9 100 163 226
9 108 171 234
9 115 179 242
9 122 186 249
10 75 136 200
10 82 143 208
10 102 163 227
10 110 171 235
10 116 179 243
10 123 186 250
11 95 157 221
11 103 163 227
11 111 171 235
11 117 179 243
11 124 186 250
12 76 136 201
12 112 171 236
12 118 179 244
12 125 186 251
13 77 136 201
13 104 163 228
13 119 179 244
13 126 186 251
14 78 136 201
14 105 163 228
14 113 171 236
14 120 179 244
14 127 186 251
15 71 137 199
15 79 144 207
15 85 150 213
15 98 164 226
15 106 172 234
15 114 180 242
16 72 137 199
16 80 144 207
16 86 150 213
16 99 164 226
16 107 172 234
16 121 187 249
17 73 137 199
17 87 150 213
17 100 164 226
17 108 172 234
17 115 180 242
17 122 187 249
18 74 137 200
18 81 144 208
18 101 164 227
18 109 172 235
19 75 137 200
19 82 144 208
19 102 164 227
19 110 172 235
19 116 180 243
19 123 187 250
20 103 164 227
20 111 172 235
20 117 180 243
20 124 187 250
21 77 137 201
21 104 164 228
21 119 180 244
21 126 187 251
22 64 129 193
22 72 138 202
22 80 145 209
22 86 151 215
22 99 165 229
22 107 173 237
23 65 129 193
23 73 138 202
23 87 151 215
23 93 158 222
23 100 165 229
23 108 173 237
23 115 181 245
24 66 129 194
24 101 165 230
24 109 173 238
25 67 129 194
25 88 151 216
25 102 165 230
25 110 173 238
25 116 181 246
26 68 129 194
26 89 151 216
26 103 165 230
26 111 173 238
26 117 181 246
27 76 138 203
27 90 151 217
27 96 158 223
27 112 173 239
27 118 181 247
28 69 129 195
28 77 138 203
28 83 145 210
28 97 158 223
28 119 181 247
29 70 129 195
29 78 138 203
29 84 145 210
29 91 151 217
29 113 173 239
29 120 181 247
30 79 146 209
30 85 152 215
30 92 159 222
30 106 174 237
30 114 182 245
31 64 130 193
31 80 146 209
31 86 152 215
31 107 174 237
32 65 130 193
32 87 152 215
32 93 159 222
32 108 174 237
32 115 182 245
33 66 130 194
33 109 174 238
34 67 130 194
34 88 152 216
34 110 174 238
34 116 182 246
34 123 188 252
35 69 130 195
35 83 146 210
35 97 159 223
35 119 182 247
35 126 188 253
36 70 130 195
36 84 146 210
36 91 152 217
36 113 174 239
36 120 182 247
36 127 188 253
37 71 139 202
37 85 153 215
37 98 166 229
37 106 175 237
37 114 183 245
38 64 131 193
38 72 139 202
38 86 153 215
38 99 166 229
38 107 175 237
39 65 131 193
39 73 139 202
39 87 153 215
39 100 166 229
39 108 175 237
39 115 183 245
40 66 131 194
40 101 166 230
40 109 175 238
41 76 139 203
41 90 153 217
41 112 175 239
41 118 183 247
41 125 189 253
42 69 131 195
42 77 139 203
42 119 183 247
42 126 189 253
43 70 131 195
43 78 139 203
43 91 153 217
43 113 175 239
43 120 183 247
43 127 189 253
44 71 140 204
44 85 154 218
44 98 167 231
44 106 176 240
45 65 132 196
45 73 140 204
45 87 154 218
45 100 167 231
45 108 176 240
45 122 190 254
46 67 132 197
46 75 140 205
46 82 147 211
46 88 154 219
46 102 167 232
46 110 176 241
47 68 132 197
47 89 154 219
47 103 167 232
47 111 176 241
48 76 140 206
48 125 190 255
49 69 132 198
49 77 140 206
49 83 147 212
49 104 167 233
49 126 190 255
50 70 132 198
50 78 140 206
50 84 147 212
50 105 167 233
50 127 190 255
51 71 141 204
51 85 155 218
51 98 168 231
52 64 133 196
52 72 141 204
52 86 155 218
52 99 168 231
53 65 133 196
53 73 141 204
53 87 155 218
53 100 168 231
54 67 133 197
54 75 141 205
54 82 148 211
54 88 155 219
54 102 168 232
55 68 133 197
55 89 155 219
55 95 160 224
55 103 168 232
56 76 141 206
56 96 160 225
56 118 184 248
57 70 133 198
57 78 141 206
57 84 148 212
57 105 168 233
57 120 184 248
58 71 142 204
58 98 169 231
58 106 177 240
59 66 134 197
59 74 142 205
59 94 161 224
59 101 169 232
59 109 177 241
60 67 134 197
60 75 142 205
60 102 169 232
60 110 177 241
61 68 134 197
61 95 161 224
61 103 169 232
61 111 177 241
62 76 142 206
62 96 161 225
62 125 191 255
63 70 134 198
63 78 142 206
63 105 169 233
63 127 191 255