308 0 626
c1l1
c2l1
c4l1
c6l1
c7l1
c8l1
c9l1
c3l2
c4l2
c5l2
c6l2
c7l2
c8l2
c9l2
c1l3
c2l3
c3l3
c4l3
c5l3
c6l3
c7l3
c8l3
c9l3
c1l4
c2l4
c3l4
c4l4
c5l4
c6l4
c7l4
c8l4
c9l4
c1l5
c2l5
c3l5
c4l5
c5l5
c6l5
c7l5
c8l5
c9l5
c1l6
c2l6
c3l6
c4l6
c5l6
c6l6
c7l6
c8l6
c9l6
c1l7
c2l7
c3l7
c4l7
c5l7
c6l7
c7l7
c8l7
c9l7
c1l8
c2l8
c3l8
c4l8
c5l8
c6l8
c7l8
c8l8
c9l8
c1l9
c2l9
c3l9
c4l9
c5l9
c6l9
c7l9
c8l9
c9l9
c1n1
c3n1
c4n1
c6n1
c7n1
c8n1
c9n1
c1n2
c2n2
c3n2
c4n2
c5n2
c6n2
c7n2
c8n2
c9n2
c1n3
c2n3
c4n3
c5n3
c6n3
c7n3
c8n3
c9n3
c2n4
c3n4
c4n4
c5n4
c6n4
c7n4
c8n4
c9n4
c1n5
c2n5
c3n5
c4n5
c5n5
c6n5
c7n5
c8n5
c9n5
c1n6
c2n6
c3n6
c4n6
c5n6
c6n6
c7n6
c8n6
c9n6
c1n7
c2n7
c3n7
c4n7
c5n7
c6n7
c7n7
c8n7
c9n7
c1n8
c2n8
c3n8
c4n8
c5n8
c6n8
c7n8
c8n8
c9n8
c1n9
c2n9
c3n9
c4n9
c5n9
c6n9
c7n9
c8n9
c9n9
l3n1
l4n1
l5n1
l6n1
l7n1
l8n1
l9n1
l1n2
l2n2
l3n2
l4n2
l5n2
l6n2
l7n2
l8n2
l9n2
l2n3
l3n3
l4n3
l5n3
l6n3
l7n3
l8n3
l9n3
l1n4
l3n4
l4n4
l5n4
l6n4
l7n4
l8n4
l9n4
l1n5
l2n5
l3n5
l4n5
l5n5
l6n5
l7n5
l8n5
l9n5
l1n6
l2n6
l3n6
l4n6
l5n6
l6n6
l7n6
l8n6
l9n6
l1n7
l2n7
l3n7
l4n7
l5n7
l6n7
l7n7
l8n7
l9n7
l1n8
l2n8
l3n8
l4n8
l5n8
l6n8
l7n8
l8n8
l9n8
l1n9
l2n9
l3n9
l4n9
l5n9
l6n9
l7n9
l8n9
l9n9
b2n1
b3n1
b4n1
b5n1
b6n1
b7n1
b8n1
b0n2
b1n2
b2n2
b3n2
b4n2
b5n2
b6n2
b7n2
b8n2
b1n3
b2n3
b3n3
b4n3
b5n3
b6n3
b7n3
b8n3
b1n4
b2n4
b3n4
b4n4
b5n4
b6n4
b7n4
b8n4
b0n5
b1n5
b2n5
b3n5
b4n5
b5n5
b6n5
b7n5
b8n5
b0n6
b1n6
b2n6
b3n6
b4n6
b5n6
b6n6
b7n6
b8n6
b0n7
b1n7
b2n7
b3n7
b4n7
b5n7
b6n7
b7n7
b8n7
b0n8
b1n8
b2n8
b3n8
b4n8
b5n8
b6n8
b7n8
b8n8
b0n9
b1n9
b2n9
b3n9
b4n9
b5n9
b6n9
b7n9
b8n9
0 84 161 238
0 109 186 263
0 118 195 272
0 127 204 281
0 136 213 290
0 145 222 299
1 85 161 238
1 110 186 263
1 119 195 272
1 128 204 281
1 137 213 290
1 146 222 299
2 87 161 239
2 103 178 255
2 112 186 264
2 121 195 273
2 130 204 282
2 139 213 291
2 148 222 300
3 89 161 239
3 105 178 255
3 114 186 264
3 123 195 273
3 132 204 282
3 141 213 291
3 150 222 300
4 90 161 240
4 106 178 256
4 115 186 265
4 124 195 274
4 133 204 283
4 142 213 292
4 151 222 301
5 91 161 240
5 107 178 256
5 116 186 265
5 125 195 274
5 134 204 283
5 143 213 292
5 152 222 301
6 92 161 240
6 108 178 256
6 117 186 265
6 126 195 274
6 135 204 283
6 144 213 292
6 153 222 301
7 86 162 238
7 111 187 263
7 120 196 272
7 129 205 281
7 138 214 290
7 147 223 299
8 87 162 239
8 95 170 247
8 112 187 264
8 121 196 273
8 130 205 282
8 139 214 291
8 148 223 300
9 88 162 239
9 96 170 247
9 113 187 264
9 122 196 273
9 131 205 282
9 140 214 291
9 149 223 300
10 89 162 239
10 97 170 247
10 114 187 264
10 123 196 273
10 132 205 282
10 141 214 291
10 150 223 300
11 90 162 240
11 98 170 248
11 115 187 265
11 124 196 274
11 133 205 283
11 142 214 292
11 151 223 301
12 91 162 240
12 99 170 248
12 116 187 265
12 125 196 274
12 134 205 283
12 143 214 292
12 152 223 301
13 92 162 240
13 100 170 248
13 117 187 265
13 126 196 274
13 135 205 283
13 144 214 292
13 153 223 301
14 84 163 238
14 109 188 263
14 118 197 272
14 127 206 281
14 136 215 290
14 145 224 299
15 85 163 238
15 110 188 263
15 119 197 272
15 128 206 281
15 137 215 290
15 146 224 299
16 86 163 238
16 111 188 263
16 120 197 272
16 129 206 281
16 138 215 290
16 147 224 299
17 87 163 239
17 95 171 247
17 103 179 255
17 112 188 264
17 121 197 273
17 130 206 282
17 139 215 291
17 148 224 300
18 88 163 239
18 96 171 247
18 104 179 255
18 113 188 264
18 122 197 273
18 131 206 282
18 140 215 291
18 149 224 300
19 89 163 239
19 97 171 247
19 105 179 255
19 114 188 264
19 123 197 273
19 132 206 282
19 141 215 291
19 150 224 300
20 81 154 231
20 90 163 240
20 98 171 248
20 106 179 256
20 115 188 265
20 124 197 274
20 133 206 283
20 142 215 292
20 151 224 301
21 82 154 231
21 91 163 240
21 99 171 248
21 107 179 256
21 116 188 265
21 125 197 274
21 134 206 283
21 143 215 292
21 152 224 301
22 83 154 231
22 92 163 240
22 100 171 248
22 108 179 256
22 117 188 265
22 126 197 274
22 135 206 283
22 144 215 292
22 153 224 301
23 77 155 232
23 84 164 241
23 93 172 249
23 109 189 266
23 118 198 275
23 127 207 284
23 136 216 293
23 145 225 302
24 85 164 241
24 94 172 249
24 101 180 257
24 110 189 266
24 119 198 275
24 128 207 284
24 137 216 293
24 146 225 302
25 78 155 232
25 86 164 241
25 102 180 257
25 111 189 266
25 120 198 275
25 129 207 284
25 138 216 293
25 147 225 302
26 79 155 233
26 87 164 242
26 95 172 250
26 103 180 258
26 112 189 267
26 121 198 276
26 130 207 285
26 139 216 294
26 148 225 303
27 88 164 242
27 96 172 250
27 104 180 258
27 113 189 267
27 122 198 276
27 131 207 285
27 140 216 294
27 149 225 303
28 80 155 233
28 89 164 242
28 97 172 250
28 105 180 258
28 114 189 267
28 123 198 276
28 132 207 285
28 141 216 294
28 150 225 303
29 81 155 234
29 90 164 243
29 98 172 251
29 106 180 259
29 115 189 268
29 124 198 277
29 133 207 286
29 142 216 295
29 151 225 304
30 82 155 234
30 91 164 243
30 99 172 251
30 107 180 259
30 116 189 268
30 125 198 277
30 134 207 286
30 143 216 295
30 152 225 304
31 83 155 234
31 92 164 243
31 100 172 251
31 108 180 259
31 117 189 268
31 126 198 277
31 135 207 286
31 144 216 295
31 153 225 304
32 77 156 232
32 84 165 241
32 93 173 249
32 109 190 266
32 118 199 275
32 127 208 284
32 136 217 293
32 145 226 302
33 85 165 241
33 94 173 249
33 101 181 257
33 110 190 266
33 119 199 275
33 128 208 284
33 137 217 293
33 146 226 302
34 78 156 232
34 86 165 241
34 102 181 257
34 111 190 266
34 120 199 275
34 129 208 284
34 138 217 293
34 147 226 302
35 79 156 233
35 87 165 242
35 95 173 250
35 103 181 258
35 112 190 267
35 121 199 276
35 130 208 285
35 139 217 294
35 148 226 303
36 88 165 242
36 96 173 250
36 104 181 258
36 113 190 267
36 122 199 276
36 131 208 285
36 140 217 294
36 149 226 303
37 80 156 233
37 89 165 242
37 97 173 250
37 105 181 258
37 114 190 267
37 123 199 276
37 132 208 285
37 141 217 294
37 150 226 303
38 81 156 234
38 90 165 243
38 98 173 251
38 106 181 259
38 115 190 268
38 124 199 277
38 133 208 286
38 142 217 295
38 151 226 304
39 82 156 234
39 91 165 243
39 99 173 251
39 107 181 259
39 116 190 268
39 125 199 277
39 134 208 286
39 143 217 295
39 152 226 304
40 83 156 234
40 92 165 243
40 100 173 251
40 108 181 259
40 117 190 268
40 126 199 277
40 135 208 286
40 144 217 295
40 153 226 304
41 77 157 232
41 84 166 241
41 93 174 249
41 109 191 266
41 118 200 275
41 127 209 284
41 136 218 293
41 145 227 302
42 85 166 241
42 94 174 249
42 101 182 257
42 110 191 266
42 119 200 275
42 128 209 284
42 137 218 293
42 146 227 302
43 78 157 232
43 86 166 241
43 102 182 257
43 111 191 266
43 120 200 275
43 129 209 284
43 138 218 293
43 147 227 302
44 79 157 233
44 87 166 242
44 95 174 250
44 103 182 258
44 112 191 267
44 121 200 276
44 130 209 285
44 139 218 294
44 148 227 303
45 88 166 242
45 96 174 250
45 104 182 258
45 113 191 267
45 122 200 276
45 131 209 285
45 140 218 294
45 149 227 303
46 80 157 233
46 89 166 242
46 97 174 250
46 105 182 258
46 114 191 267
46 123 200 276
46 132 209 285
46 141 218 294
46 150 227 303
47 81 157 234
47 90 166 243
47 98 174 251
47 106 182 259
47 115 191 268
47 124 200 277
47 133 209 286
47 142 218 295
47 151 227 304
48 82 157 234
48 91 166 243
48 99 174 251
48 107 182 259
48 116 191 268
48 125 200 277
48 134 209 286
48 143 218 295
48 152 227 304
49 83 157 234
49 92 166 243
49 100 174 251
49 108 182 259
49 117 191 268
49 126 200 277
49 135 209 286
49 144 218 295
49 153 227 304
50 77 158 235
50 84 167 244
50 93 175 252
50 109 192 269
50 118 201 278
50 127 210 287
50 136 219 296
50 145 228 305
51 85 167 244
51 94 175 252
51 101 183 260
51 110 192 269
51 119 201 278
51 128 210 287
51 137 219 296
51 146 228 305
52 78 158 235
52 86 167 244
52 102 183 260
52 111 192 269
52 120 201 278
52 129 210 287
52 138 219 296
52 147 228 305
53 79 158 236
53 87 167 245
53 95 175 253
53 103 183 261
53 112 192 270
53 121 201 279
53 130 210 288
53 139 219 297
53 148 228 306
54 88 167 245
54 96 175 253
54 104 183 261
54 113 192 270
54 122 201 279
54 131 210 288
54 140 219 297
54 149 228 306
55 80 158 236
55 89 167 245
55 97 175 253
55 105 183 261
55 114 192 270
55 123 201 279
55 132 210 288
55 141 219 297
55 150 228 306
56 81 158 237
56 90 167 246
56 98 175 254
56 106 183 262
56 115 192 271
56 124 201 280
56 133 210 289
56 142 219 298
56 151 228 307
57 82 158 237
57 91 167 246
57 99 175 254
57 107 183 262
57 116 192 271
57 125 201 280
57 134 210 289
57 143 219 298
57 152 228 307
58 83 158 237
58 92 167 246
58 100 175 254
58 108 183 262
58 117 192 271
58 126 201 280
58 135 210 289
58 144 219 298
58 153 228 307
59 77 159 235
59 84 168 244
59 93 176 252
59 109 193 269
59 118 202 278
59 127 211 287
59 136 220 296
59 145 229 305
60 85 168 244
60 94 176 252
60 101 184 260
60 110 193 269
60 119 202 278
60 128 211 287
60 137 220 296
60 146 229 305
61 78 159 235
61 86 168 244
61 102 184 260
61 111 193 269
61 120 202 278
61 129 211 287
61 138 220 296
61 147 229 305
62 79 159 236
62 87 168 245
62 95 176 253
62 103 184 261
62 112 193 270
62 121 202 279
62 130 211 288
62 139 220 297
62 148 229 306
63 88 168 245
63 96 176 253
63 104 184 261
63 113 193 270
63 122 202 279
63 131 211 288
63 140 220 297
63 149 229 306
64 80 159 236
64 89 168 245
64 97 176 253
64 105 184 261
64 114 193 270
64 123 202 279
64 132 211 288
64 141 220 297
64 150 229 306
65 81 159 237
65 90 168 246
65 98 176 254
65 106 184 262
65 115 193 271
65 124 202 280
65 133 211 289
65 142 220 298
65 151 229 307
66 82 159 237
66 91 168 246
66 99 176 254
66 107 184 262
66 116 193 271
66 125 202 280
66 134 211 289
66 143 220 298
66 152 229 307
67 83 159 237
67 92 168 246
67 100 176 254
67 108 184 262
67 117 193 271
67 126 202 280
67 135 211 289
67 144 220 298
67 153 229 307
68 77 160 235
68 84 169 244
68 93 177 252
68 109 194 269
68 118 203 278
68 127 212 287
68 136 221 296
68 145 230 305
69 85 169 244
69 94 177 252
69 101 185 260
69 110 194 269
69 119 203 278
69 128 212 287
69 137 221 296
69 146 230 305
70 78 160 235
70 86 169 244
70 102 185 260
70 111 194 269
70 120 203 278
70 129 212 287
70 138 221 296
70 147 230 305
71 79 160 236
71 87 169 245
71 95 177 253
71 103 185 261
71 112 194 270
71 121 203 279
71 130 212 288
71 139 221 297
71 148 230 306
72 88 169 245
72 96 177 253
72 104 185 261
72 113 194 270
72 122 203 279
72 131 212 288
72 140 221 297
72 149 230 306
73 80 160 236
73 89 169 245
73 97 177 253
73 105 185 261
73 114 194 270
73 123 203 279
73 132 212 288
73 141 221 297
73 150 230 306
74 81 160 237
74 90 169 246
74 98 177 254
74 106 185 262
74 115 194 271
74 124 203 280
74 133 212 289
74 142 221 298
74 151 230 307
75 82 160 237
75 91 169 246
75 99 177 254
75 107 185 262
75 116 194 271
75 125 203 280
75 134 212 289
75 143 221 298
75 152 230 307
76 83 160 237
76 92 169 246
76 100 177 254
76 108 185 262
76 117 194 271
76 126 203 280
76 135 212 289
76 144 221 298
76 153 230 307