304 0 598
c1l1
c2l1
c3l1
c4l1
c5l1
c6l1
c8l1
c9l1
c2l2
c3l2
c5l2
c6l2
c7l2
c8l2
c9l2
c1l3
c2l3
c3l3
c4l3
c5l3
c6l3
c8l3
c1l4
c2l4
c3l4
c4l4
c5l4
c6l4
c7l4
c8l4
c9l4
c1l5
c2l5
c3l5
c4l5
c5l5
c6l5
c7l5
c8l5
c9l5
c1l6
c2l6
c3l6
c4l6
c5l6
c6l6
c7l6
c8l6
c9l6
c1l7
c2l7
c3l7
c4l7
c5l7
c6l7
c7l7
c8l7
c9l7
c1l8
c2l8
c3l8
c4l8
c5l8
c6l8
c7l8
c8l8
c9l8
c1l9
c2l9
c3l9
c4l9
c5l9
c6l9
c7l9
c8l9
c9l9
c2n1
c3n1
c4n1
c5n1
c6n1
c8n1
c9n1
c1n2
c2n2
c3n2
c4n2
c5n2
c6n2
c7n2
c8n2
c9n2
c1n3
c2n3
c3n3
c4n3
c5n3
c6n3
c8n3
c9n3
c1n4
c2n4
c3n4
c5n4
c6n4
c7n4
c8n4
c9n4
c1n5
c2n5
c3n5
c4n5
c5n5
c6n5
c7n5
c8n5
c1n6
c2n6
c3n6
c4n6
c5n6
c6n6
c7n6
c8n6
c9n6
c1n7
c2n7
c3n7
c4n7
c5n7
c6n7
c7n7
c8n7
c9n7
c1n8
c2n8
c3n8
c4n8
c5n8
c6n8
c7n8
c8n8
c9n8
c1n9
c2n9
c3n9
c4n9
c5n9
c6n9
c7n9
c8n9
c9n9
l1n1
l4n1
l5n1
l6n1
l7n1
l8n1
l9n1
l1n2
l2n2
l3n2
l4n2
l5n2
l6n2
l7n2
l8n2
l9n2
l2n3
l3n3
l4n3
l5n3
l6n3
l7n3
l8n3
l9n3
l1n4
l3n4
l4n4
l5n4
l6n4
l7n4
l8n4
l9n4
l1n5
l2n5
l4n5
l5n5
l6n5
l7n5
l8n5
l9n5
l1n6
l2n6
l3n6
l4n6
l5n6
l6n6
l7n6
l8n6
l9n6
l1n7
l2n7
l3n7
l4n7
l5n7
l6n7
l7n7
l8n7
l9n7
l1n8
l2n8
l3n8
l4n8
l5n8
l6n8
l7n8
l8n8
l9n8
l1n9
l2n9
l3n9
l4n9
l5n9
l6n9
l7n9
l8n9
l9n9
b1n1
b3n1
b4n1
b5n1
b6n1
b7n1
b8n1
b0n2
b1n2
b2n2
b3n2
b4n2
b5n2
b6n2
b7n2
b8n2
b0n3
b1n3
b3n3
b4n3
b5n3
b6n3
b7n3
b8n3
b0n4
b2n4
b3n4
b4n4
b5n4
b6n4
b7n4
b8n4
b0n5
b1n5
b3n5
b4n5
b5n5
b6n5
b7n5
b8n5
b0n6
b1n6
b2n6
b3n6
b4n6
b5n6
b6n6
b7n6
b8n6
b0n7
b1n7
b2n7
b3n7
b4n7
b5n7
b6n7
b7n7
b8n7
b0n8
b1n8
b2n8
b3n8
b4n8
b5n8
b6n8
b7n8
b8n8
b0n9
b1n9
b2n9
b3n9
b4n9
b5n9
b6n9
b7n9
b8n9
0 83 159 235
0 100 176 252
0 108 184 260
0 116 192 268
0 125 201 277
0 134 210 286
0 143 219 295
1 84 159 235
1 101 176 252
1 109 184 260
1 117 192 268
1 126 201 277
1 135 210 286
1 144 219 295
2 85 159 235
2 102 176 252
2 110 184 260
2 118 192 268
2 127 201 277
2 136 210 286
2 145 219 295
3 78 152 228
3 86 159 236
3 111 184 261
3 119 192 269
3 128 201 278
3 137 210 287
3 146 219 296
4 79 152 228
4 87 159 236
4 112 184 261
4 120 192 269
4 129 201 278
4 138 210 287
4 147 219 296
5 80 152 228
5 88 159 236
5 113 184 261
5 121 192 269
5 130 201 278
5 139 210 287
5 148 219 296
6 90 159 237
6 106 176 253
6 123 192 270
6 132 201 279
6 141 210 288
6 150 219 297
7 91 159 237
7 107 176 253
7 124 192 270
7 133 201 279
7 142 210 288
7 151 219 297
8 84 160 235
8 93 168 244
8 109 185 260
8 117 193 268
8 126 202 277
8 135 211 286
8 144 220 295
9 85 160 235
9 94 168 244
9 110 185 260
9 118 193 268
9 127 202 277
9 136 211 286
9 145 220 295
10 87 160 236
10 96 168 245
10 112 185 261
10 120 193 269
10 129 202 278
10 138 211 287
10 147 220 296
11 88 160 236
11 97 168 245
11 113 185 261
11 121 193 269
11 130 202 278
11 139 211 287
11 148 220 296
12 89 160 237
12 122 193 270
12 131 202 279
12 140 211 288
12 149 220 297
13 90 160 237
13 123 193 270
13 132 202 279
13 141 211 288
13 150 220 297
14 91 160 237
14 124 193 270
14 133 202 279
14 142 211 288
14 151 220 297
15 83 161 235
15 92 169 244
15 100 177 252
15 116 194 268
15 125 203 277
15 134 212 286
15 143 221 295
16 84 161 235
16 93 169 244
16 101 177 252
16 117 194 268
16 126 203 277
16 135 212 286
16 144 221 295
17 85 161 235
17 94 169 244
17 102 177 252
17 118 194 268
17 127 203 277
17 136 212 286
17 145 221 295
18 86 161 236
18 95 169 245
18 119 194 269
18 128 203 278
18 137 212 287
18 146 221 296
19 87 161 236
19 96 169 245
19 120 194 269
19 129 203 278
19 138 212 287
19 147 221 296
20 88 161 236
20 97 169 245
20 121 194 269
20 130 203 278
20 139 212 287
20 148 221 296
21 90 161 237
21 106 177 253
21 123 194 270
21 132 203 279
21 141 212 288
21 150 221 297
22 83 162 238
22 92 170 246
22 100 178 254
22 108 186 262
22 116 195 271
22 125 204 280
22 134 213 289
22 143 222 298
23 76 153 229
23 84 162 238
23 93 170 246
23 101 178 254
23 109 186 262
23 117 195 271
23 126 204 280
23 135 213 289
23 144 222 298
24 77 153 229
24 85 162 238
24 94 170 246
24 102 178 254
24 110 186 262
24 118 195 271
24 127 204 280
24 136 213 289
24 145 222 298
25 78 153 230
25 86 162 239
25 95 170 247
25 111 186 263
25 119 195 272
25 128 204 281
25 137 213 290
25 146 222 299
26 79 153 230
26 87 162 239
26 96 170 247
26 103 178 255
26 112 186 263
26 120 195 272
26 129 204 281
26 138 213 290
26 147 222 299
27 80 153 230
27 88 162 239
27 97 170 247
27 104 178 255
27 113 186 263
27 121 195 272
27 130 204 281
27 139 213 290
27 148 222 299
28 89 162 240
28 105 178 256
28 114 186 264
28 122 195 273
28 131 204 282
28 140 213 291
28 149 222 300
29 81 153 231
29 90 162 240
29 98 170 248
29 106 178 256
29 115 186 264
29 123 195 273
29 132 204 282
29 141 213 291
29 150 222 300
30 82 153 231
30 91 162 240
30 99 170 248
30 107 178 256
30 124 195 273
30 133 204 282
30 142 213 291
30 151 222 300
31 83 163 238
31 92 171 246
31 100 179 254
31 108 187 262
31 116 196 271
31 125 205 280
31 134 214 289
31 143 223 298
32 76 154 229
32 84 163 238
32 93 171 246
32 101 179 254
32 109 187 262
32 117 196 271
32 126 205 280
32 135 214 289
32 144 223 298
33 77 154 229
33 85 163 238
33 94 171 246
33 102 179 254
33 110 187 262
33 118 196 271
33 127 205 280
33 136 214 289
33 145 223 298
34 78 154 230
34 86 163 239
34 95 171 247
34 111 187 263
34 119 196 272
34 128 205 281
34 137 214 290
34 146 223 299
35 79 154 230
35 87 163 239
35 96 171 247
35 103 179 255
35 112 187 263
35 120 196 272
35 129 205 281
35 138 214 290
35 147 223 299
36 80 154 230
36 88 163 239
36 97 171 247
36 104 179 255
36 113 187 263
36 121 196 272
36 130 205 281
36 139 214 290
36 148 223 299
37 89 163 240
37 105 179 256
37 114 187 264
37 122 196 273
37 131 205 282
37 140 214 291
37 149 223 300
38 81 154 231
38 90 163 240
38 98 171 248
38 106 179 256
38 115 187 264
38 123 196 273
38 132 205 282
38 141 214 291
38 150 223 300
39 82 154 231
39 91 163 240
39 99 171 248
39 107 179 256
39 124 196 273
39 133 205 282
39 142 214 291
39 151 223 300
40 83 164 238
40 92 172 246
40 100 180 254
40 108 188 262
40 116 197 271
40 125 206 280
40 134 215 289
40 143 224 298
41 76 155 229
41 84 164 238
41 93 172 246
41 101 180 254
41 109 188 262
41 117 197 271
41 126 206 280
41 135 215 289
41 144 224 298
42 77 155 229
42 85 164 238
42 94 172 246
42 102 180 254
42 110 188 262
42 118 197 271
42 127 206 280
42 136 215 289
42 145 224 298
43 78 155 230
43 86 164 239
43 95 172 247
43 111 188 263
43 119 197 272
43 128 206 281
43 137 215 290
43 146 224 299
44 79 155 230
44 87 164 239
44 96 172 247
44 103 180 255
44 112 188 263
44 120 197 272
44 129 206 281
44 138 215 290
44 147 224 299
45 80 155 230
45 88 164 239
45 97 172 247
45 104 180 255
45 113 188 263
45 121 197 272
45 130 206 281
45 139 215 290
45 148 224 299
46 89 164 240
46 105 180 256
46 114 188 264
46 122 197 273
46 131 206 282
46 140 215 291
46 149 224 300
47 81 155 231
47 90 164 240
47 98 172 248
47 106 180 256
47 115 188 264
47 123 197 273
47 132 206 282
47 141 215 291
47 150 224 300
48 82 155 231
48 91 164 240
48 99 172 248
48 107 180 256
48 124 197 273
48 133 206 282
48 142 215 291
48 151 224 300
49 83 165 241
49 92 173 249
49 100 181 257
49 108 189 265
49 116 198 274
49 125 207 283
49 134 216 292
49 143 225 301
50 76 156 232
50 84 165 241
50 93 173 249
50 101 181 257
50 109 189 265
50 117 198 274
50 126 207 283
50 135 216 292
50 144 225 301
51 77 156 232
51 85 165 241
51 94 173 249
51 102 181 257
51 110 189 265
51 118 198 274
51 127 207 283
51 136 216 292
51 145 225 301
52 78 156 233
52 86 165 242
52 95 173 250
52 111 189 266
52 119 198 275
52 128 207 284
52 137 216 293
52 146 225 302
53 79 156 233
53 87 165 242
53 96 173 250
53 103 181 258
53 112 189 266
53 120 198 275
53 129 207 284
53 138 216 293
53 147 225 302
54 80 156 233
54 88 165 242
54 97 173 250
54 104 181 258
54 113 189 266
54 121 198 275
54 130 207 284
54 139 216 293
54 148 225 302
55 89 165 243
55 105 181 259
55 114 189 267
55 122 198 276
55 131 207 285
55 140 216 294
55 149 225 303
56 81 156 234
56 90 165 243
56 98 173 251
56 106 181 259
56 115 189 267
56 123 198 276
56 132 207 285
56 141 216 294
56 150 225 303
57 82 156 234
57 91 165 243
57 99 173 251
57 107 181 259
57 124 198 276
57 133 207 285
57 142 216 294
57 151 225 303
58 83 166 241
58 92 174 249
58 100 182 257
58 108 190 265
58 116 199 274
58 125 208 283
58 134 217 292
58 143 226 301
59 76 157 232
59 84 166 241
59 93 174 249
59 101 182 257
59 109 190 265
59 117 199 274
59 126 208 283
59 135 217 292
59 144 226 301
60 77 157 232
60 85 166 241
60 94 174 249
60 102 182 257
60 110 190 265
60 118 199 274
60 127 208 283
60 136 217 292
60 145 226 301
61 78 157 233
61 86 166 242
61 95 174 250
61 111 190 266
61 119 199 275
61 128 208 284
61 137 217 293
61 146 226 302
62 79 157 233
62 87 166 242
62 96 174 250
62 103 182 258
62 112 190 266
62 120 199 275
62 129 208 284
62 138 217 293
62 147 226 302
63 80 157 233
63 88 166 242
63 97 174 250
63 104 182 258
63 113 190 266
63 121 199 275
63 130 208 284
63 139 217 293
63 148 226 302
64 89 166 243
64 105 182 259
64 114 190 267
64 122 199 276
64 131 208 285
64 140 217 294
64 149 226 303
65 81 157 234
65 90 166 243
65 98 174 251
65 106 182 259
65 115 190 267
65 123 199 276
65 132 208 285
65 141 217 294
65 150 226 303
66 82 157 234
66 91 166 243
66 99 174 251
66 107 182 259
66 124 199 276
66 133 208 285
66 142 217 294
66 151 226 303
67 83 167 241
67 92 175 249
67 100 183 257
67 108 191 265
67 116 200 274
67 125 209 283
67 134 218 292
67 143 227 301
68 76 158 232
68 84 167 241
68 93 175 249
68 101 183 257
68 109 191 265
68 117 200 274
68 126 209 283
68 135 218 292
68 144 227 301
69 77 158 232
69 85 167 241
69 94 175 249
69 102 183 257
69 110 191 265
69 118 200 274
69 127 209 283
69 136 218 292
69 145 227 301
70 78 158 233
70 86 167 242
70 95 175 250
70 111 191 266
70 119 200 275
70 128 209 284
70 137 218 293
70 146 227 302
71 79 158 233
71 87 167 242
71 96 175 250
71 103 183 258
71 112 191 266
71 120 200 275
71 129 209 284
71 138 218 293
71 147 227 302
72 80 158 233
72 88 167 242
72 97 175 250
72 104 183 258
72 113 191 266
72 121 200 275
72 130 209 284
72 139 218 293
72 148 227 302
73 89 167 243
73 105 183 259
73 114 191 267
73 122 200 276
73 131 209 285
73 140 218 294
73 149 227 303
74 81 158 234
74 90 167 243
74 98 175 251
74 106 183 259
74 115 191 267
74 123 200 276
74 132 209 285
74 141 218 294
74 150 227 303
75 82 158 234
75 91 167 243
75 99 175 251
75 107 183 259
75 124 200 276
75 133 209 285
75 142 218 294
75 151 227 303