220 0 214
c1l1
c2l1
c4l1
c6l1
c7l1
c8l1
c9l1
c4l2
c5l2
c6l2
c7l2
c9l2
c2l3
c5l3
c6l3
c8l3
c9l3
c2l4
c3l4
c4l4
c6l4
c7l4
c8l4
c1l5
c3l5
c5l5
c6l5
c7l5
c1l6
c4l6
c5l6
c7l6
c9l6
c1l7
c2l7
c3l7
c6l7
c8l7
c1l8
c2l8
c3l8
c5l8
c6l8
c7l8
c8l8
c9l8
c1l9
c2l9
c3l9
c4l9
c5l9
c6l9
c7l9
c8l9
c9l9
c1n1
c3n1
c4n1
c6n1
c7n1
c8n1
c9n1
c2n2
c3n2
c5n2
c6n2
c7n2
c8n2
c1n3
c5n3
c6n3
c2n4
c3n4
c4n4
c5n4
c8n4
c9n4
c2n5
c5n5
c6n5
c7n5
c8n5
c9n5
c1n6
c2n6
c4n6
c6n6
c7n6
c9n6
c1n7
c3n7
c4n7
c5n7
c6n7
c7n7
c8n7
c9n7
c1n8
c2n8
c4n8
c6n8
c7n8
c8n8
c9n8
c1n9
c2n9
c3n9
c5n9
c6n9
c7n9
l3n1
l4n1
l5n1
l6n1
l7n1
l8n1
l9n1
l1n2
l2n2
l4n2
l6n2
l8n2
l9n2
l2n3
l4n3
l9n3
l1n4
l3n4
l4n4
l5n4
l8n4
l9n4
l1n5
l5n5
l6n5
l7n5
l8n5
l9n5
l1n6
l2n6
l4n6
l5n6
l8n6
l9n6
l1n7
l2n7
l3n7
l4n7
l6n7
l7n7
l8n7
l9n7
l1n8
l2n8
l3n8
l5n8
l7n8
l8n8
l9n8
l1n9
l3n9
l6n9
l7n9
l8n9
l9n9
b2n1
b3n1
b4n1
b5n1
b6n1
b7n1
b8n1
b1n2
b2n2
b3n2
b4n2
b6n2
b8n2
b1n3
b4n3
b6n3
b1n4
b2n4
b3n4
b5n4
b6n4
b7n4
b2n5
b4n5
b5n5
b6n5
b7n5
b8n5
b1n6
b2n6
b3n6
b4n6
b6n6
b8n6
b0n7
b1n7
b2n7
b4n7
b5n7
b6n7
b7n7
b8n7
b0n8
b1n8
b2n8
b5n8
b6n8
b7n8
b8n8
b0n9
b1n9
b3n9
b6n9
b7n9
b8n9
0 89 144 199
0 97 152 207
0 104 159 214
1 98 152 207
1 105 159 214
2 73 126 181
2 85 138 193
2 91 144 200
2 99 152 208
3 65 117 172
3 86 138 193
3 93 144 200
3 100 152 208
3 108 159 215
4 66 117 173
4 80 132 187
4 87 138 194
4 94 144 201
4 101 152 209
5 67 117 173
5 75 126 182
5 81 132 187
5 95 144 201
5 102 152 209
6 76 126 182
6 82 132 187
6 88 138 194
6 96 144 201
6 103 152 209
7 85 139 193
7 91 145 200
7 99 153 208
8 64 118 172
8 69 123 178
8 92 145 200
9 65 118 172
9 70 123 178
9 86 139 193
9 93 145 200
9 100 153 208
10 66 118 173
10 87 139 194
10 94 145 201
10 101 153 209
11 88 139 194
11 96 145 201
11 103 153 209
12 98 154 207
12 105 160 214
13 74 127 181
13 92 146 200
13 107 160 215
14 93 146 200
14 100 154 208
14 108 160 215
15 60 110 165
15 75 127 182
15 95 146 201
15 102 154 209
16 61 110 165
16 76 127 182
16 96 146 201
16 103 154 209
17 62 119 174
17 71 128 183
17 84 140 195
18 56 111 166
18 63 119 174
18 72 128 183
19 57 111 167
19 85 140 196
19 91 147 202
20 58 111 167
20 65 119 175
20 70 124 179
20 86 140 196
20 93 147 202
21 59 111 168
21 94 147 203
22 60 111 168
22 75 128 184
22 95 147 203
23 55 112 166
23 83 141 195
24 56 112 166
24 72 129 183
25 78 133 188
26 58 112 167
26 79 133 188
26 86 141 196
27 59 112 168
27 80 133 189
27 101 155 210
28 55 113 166
28 104 161 216
29 57 113 167
29 91 148 202
30 64 120 175
30 78 134 188
30 92 148 202
31 59 113 168
31 80 134 189
31 94 148 203
32 61 113 168
32 82 134 189
32 96 148 203
33 55 114 169
33 89 149 204
33 97 156 211
33 104 162 217
34 77 135 190
34 98 156 211
34 105 162 217
35 56 114 169
35 90 149 204
35 106 162 217
36 58 114 170
36 79 135 191
36 93 149 205
36 100 156 212
36 108 162 218
37 60 114 171
37 81 135 192
37 95 149 206
37 102 156 213
38 55 115 169
38 83 142 197
38 89 150 204
38 97 157 211
38 104 163 217
39 62 121 176
39 71 130 185
39 77 136 190
39 84 142 197
39 98 157 211
39 105 163 217
40 56 115 169
40 63 121 176
40 72 130 185
40 90 150 204
40 106 163 217
41 74 130 186
41 78 136 191
41 92 150 205
41 107 163 218
42 58 115 170
42 79 136 191
42 93 150 205
42 100 157 212
42 108 163 218
43 59 115 171
43 66 121 177
43 80 136 192
43 87 142 198
43 94 150 206
43 101 157 213
43 109 163 219
44 60 115 171
44 67 121 177
44 81 136 192
44 95 150 206
44 102 157 213
45 61 115 171
45 82 136 192
45 88 142 198
45 96 150 206
45 103 157 213
46 55 116 169
46 68 125 180
46 83 143 197
46 89 151 204
46 97 158 211
46 104 164 217
47 62 122 176
47 71 131 185
47 77 137 190
47 84 143 197
47 98 158 211
47 105 164 217
48 56 116 169
48 63 122 176
48 72 131 185
48 90 151 204
48 106 164 217
49 57 116 170
49 73 131 186
49 91 151 205
49 99 158 212
50 74 131 186
50 78 137 191
50 92 151 205
50 107 164 218
51 58 116 170
51 79 137 191
51 93 151 205
51 100 158 212
51 108 164 218
52 59 116 171
52 66 122 177
52 80 137 192
52 87 143 198
52 94 151 206
52 101 158 213
52 109 164 219
53 60 116 171
53 67 122 177
53 81 137 192
53 95 151 206
53 102 158 213
54 61 116 171
54 82 137 192
54 88 143 198
54 96 151 206
54 103 158 213