280 0 446
c1l1
c2l1
c3l1
c4l1
c5l1
c6l1
c8l1
c9l1
c2l2
c3l2
c5l2
c6l2
c7l2
c8l2
c9l2
c1l3
c2l3
c3l3
c4l3
c5l3
c6l3
c8l3
c2l4
c3l4
c4l4
c5l4
c6l4
c7l4
c8l4
c9l4
c1l5
c2l5
c3l5
c4l5
c5l5
c8l5
c9l5
c1l6
c2l6
c3l6
c4l6
c7l6
c8l6
c9l6
c1l7
c3l7
c4l7
c5l7
c6l7
c7l7
c8l7
c9l7
c1l8
c2l8
c3l8
c4l8
c5l8
c6l8
c7l8
c8l8
c9l8
c1l9
c2l9
c3l9
c4l9
c5l9
c6l9
c7l9
c8l9
c9l9
c2n1
c3n1
c4n1
c5n1
c6n1
c8n1
c9n1
c1n2
c2n2
c3n2
c4n2
c5n2
c7n2
c8n2
c9n2
c1n3
c2n3
c3n3
c4n3
c5n3
c8n3
c9n3
c1n4
c2n4
c3n4
c5n4
c6n4
c7n4
c8n4
c9n4
c1n5
c3n5
c4n5
c6n5
c7n5
c8n5
c1n6
c2n6
c3n6
c4n6
c5n6
c6n6
c8n6
c9n6
c1n7
c2n7
c3n7
c4n7
c5n7
c6n7
c7n7
c8n7
c9n7
c1n8
c2n8
c3n8
c4n8
c5n8
c6n8
c7n8
c8n8
c9n8
c2n9
c3n9
c4n9
c5n9
c6n9
c7n9
c8n9
c9n9
l1n1
l4n1
l5n1
l6n1
l7n1
l8n1
l9n1
l1n2
l2n2
l3n2
l4n2
l6n2
l7n2
l8n2
l9n2
l2n3
l3n3
l4n3
l5n3
l7n3
l8n3
l9n3
l1n4
l3n4
l4n4
l5n4
l6n4
l7n4
l8n4
l9n4
l1n5
l2n5
l4n5
l5n5
l8n5
l9n5
l1n6
l2n6
l3n6
l4n6
l6n6
l7n6
l8n6
l9n6
l1n7
l2n7
l3n7
l4n7
l5n7
l6n7
l7n7
l8n7
l9n7
l1n8
l2n8
l3n8
l4n8
l5n8
l6n8
l7n8
l8n8
l9n8
l1n9
l2n9
l3n9
l5n9
l6n9
l7n9
l8n9
l9n9
b1n1
b3n1
b4n1
b5n1
b6n1
b7n1
b8n1
b0n2
b1n2
b2n2
b3n2
b5n2
b6n2
b7n2
b8n2
b0n3
b1n3
b3n3
b5n3
b6n3
b7n3
b8n3
b0n4
b2n4
b3n4
b4n4
b5n4
b6n4
b7n4
b8n4
b0n5
b1n5
b3n5
b5n5
b7n5
b8n5
b0n6
b1n6
b2n6
b3n6
b4n6
b6n6
b7n6
b8n6
b0n7
b1n7
b2n7
b3n7
b4n7
b5n7
b6n7
b7n7
b8n7
b0n8
b1n8
b2n8
b3n8
b4n8
b5n8
b6n8
b7n8
b8n8
b0n9
b1n9
b2n9
b4n9
b5n9
b6n9
b7n9
b8n9
0 77 147 217
0 92 162 232
0 100 170 240
0 106 176 246
0 114 184 254
0 123 193 263
1 78 147 217
1 93 162 232
1 107 176 246
1 115 184 254
1 124 193 263
1 132 202 272
2 79 147 217
2 94 162 232
2 101 170 240
2 108 176 246
2 116 184 254
2 125 193 263
2 133 202 272
3 72 140 210
3 80 147 218
3 102 170 241
3 109 176 247
3 117 184 255
3 126 193 264
3 134 202 273
4 73 140 210
4 81 147 218
4 110 176 247
4 118 184 255
4 127 193 264
4 135 202 273
5 74 140 210
5 103 170 241
5 111 176 247
5 119 184 255
5 128 193 264
5 136 202 273
6 83 147 219
6 98 162 233
6 112 176 248
6 121 184 256
6 130 193 265
6 138 202 274
7 84 147 219
7 99 162 233
7 113 176 248
7 122 184 256
7 131 193 265
7 139 202 274
8 78 148 217
8 86 155 225
8 107 177 246
8 115 185 254
8 124 194 263
8 132 203 272
9 79 148 217
9 87 155 225
9 101 171 240
9 108 177 246
9 116 185 254
9 125 194 263
9 133 203 272
10 81 148 218
10 89 155 226
10 110 177 247
10 118 185 255
10 127 194 264
10 135 203 273
11 103 171 241
11 111 177 247
11 119 185 255
11 128 194 264
11 136 203 273
12 82 148 219
12 120 185 256
12 129 194 265
12 137 203 274
13 83 148 219
13 112 177 248
13 121 185 256
13 130 194 265
13 138 203 274
14 84 148 219
14 113 177 248
14 122 185 256
14 131 194 265
14 139 203 274
15 77 149 217
15 85 156 225
15 92 163 232
15 106 178 246
15 114 186 254
15 123 195 263
16 78 149 217
16 86 156 225
16 93 163 232
16 107 178 246
16 115 186 254
16 124 195 263
16 132 204 272
17 79 149 217
17 87 156 225
17 94 163 232
17 108 178 246
17 116 186 254
17 125 195 263
17 133 204 272
18 80 149 218
18 88 156 226
18 109 178 247
18 117 186 255
18 126 195 264
18 134 204 273
19 81 149 218
19 89 156 226
19 110 178 247
19 118 186 255
19 127 195 264
19 135 204 273
20 111 178 247
20 119 186 255
20 128 195 264
20 136 204 273
21 83 149 219
21 98 163 233
21 112 178 248
21 121 186 256
21 130 195 265
21 138 204 274
22 70 141 211
22 78 150 220
22 86 157 227
22 93 164 234
22 107 179 249
22 115 187 257
22 124 196 266
23 71 141 211
23 79 150 220
23 87 157 227
23 94 164 234
23 101 172 242
23 108 179 249
23 116 187 257
23 125 196 266
24 72 141 212
24 109 179 250
24 117 187 258
24 126 196 267
25 73 141 212
25 95 164 235
25 110 179 250
25 118 187 258
25 127 196 267
26 74 141 212
26 96 164 235
26 111 179 250
26 119 187 258
26 128 196 267
27 82 150 221
27 97 164 236
27 104 172 243
27 120 187 259
27 129 196 268
28 75 141 213
28 83 150 221
28 90 157 228
28 98 164 236
28 105 172 243
28 121 187 259
28 130 196 268
29 76 141 213
29 84 150 221
29 91 157 228
29 99 164 236
29 122 187 259
29 131 196 268
30 85 158 227
30 92 165 234
30 100 173 242
30 114 188 257
30 123 197 266
31 70 142 211
31 86 158 227
31 93 165 234
31 115 188 257
31 124 197 266
32 71 142 211
32 87 158 227
32 94 165 234
32 101 173 242
32 116 188 257
32 125 197 266
33 72 142 212
33 117 188 258
33 126 197 267
33 134 205 275
34 73 142 212
34 95 165 235
34 118 188 258
34 127 197 267
34 135 205 275
35 75 142 213
35 90 158 228
35 98 165 236
35 105 173 243
35 121 188 259
35 130 197 268
35 138 205 276
36 76 142 213
36 91 158 228
36 99 165 236
36 122 188 259
36 131 197 268
36 139 205 276
37 77 151 220
37 92 166 234
37 106 180 249
37 114 189 257
37 123 198 266
38 70 143 211
38 78 151 220
38 93 166 234
38 107 180 249
38 115 189 257
38 124 198 266
39 71 143 211
39 79 151 220
39 94 166 234
39 108 180 249
39 116 189 257
39 125 198 266
40 72 143 212
40 109 180 250
40 117 189 258
40 126 198 267
40 134 206 275
41 82 151 221
41 97 166 236
41 120 189 259
41 129 198 268
41 137 206 276
42 75 143 213
42 83 151 221
42 98 166 236
42 121 189 259
42 130 198 268
42 138 206 276
43 76 143 213
43 84 151 221
43 99 166 236
43 122 189 259
43 131 198 268
43 139 206 276
44 77 152 222
44 85 159 229
44 92 167 237
44 106 181 251
44 114 190 260
44 123 199 269
45 71 144 214
45 79 152 222
45 87 159 229
45 94 167 237
45 108 181 251
45 116 190 260
45 125 199 269
45 133 207 277
46 72 144 215
46 80 152 223
46 88 159 230
46 109 181 252
46 117 190 261
46 126 199 270
46 134 207 278
47 73 144 215
47 81 152 223
47 89 159 230
47 95 167 238
47 110 181 252
47 118 190 261
47 127 199 270
47 135 207 278
48 74 144 215
48 96 167 238
48 111 181 252
48 119 190 261
48 128 199 270
48 136 207 278
49 82 152 224
49 97 167 239
49 120 190 262
49 129 199 271
49 137 207 279
50 75 144 216
50 83 152 224
50 90 159 231
50 98 167 239
50 112 181 253
50 121 190 262
50 130 199 271
50 138 207 279
51 76 144 216
51 84 152 224
51 91 159 231
51 99 167 239
51 113 181 253
51 122 190 262
51 131 199 271
51 139 207 279
52 77 153 222
52 85 160 229
52 92 168 237
52 106 182 251
52 114 191 260
52 123 200 269
53 70 145 214
53 78 153 222
53 86 160 229
53 93 168 237
53 107 182 251
53 115 191 260
53 124 200 269
53 132 208 277
54 71 145 214
54 79 153 222
54 87 160 229
54 94 168 237
54 108 182 251
54 116 191 260
54 125 200 269
54 133 208 277
55 72 145 215
55 80 153 223
55 88 160 230
55 102 174 244
55 109 182 252
55 117 191 261
55 126 200 270
55 134 208 278
56 73 145 215
56 81 153 223
56 89 160 230
56 95 168 238
56 110 182 252
56 118 191 261
56 127 200 270
56 135 208 278
57 74 145 215
57 96 168 238
57 103 174 244
57 111 182 252
57 119 191 261
57 128 200 270
57 136 208 278
58 82 153 224
58 97 168 239
58 104 174 245
58 120 191 262
58 129 200 271
58 137 208 279
59 75 145 216
59 83 153 224
59 90 160 231
59 98 168 239
59 105 174 245
59 112 182 253
59 121 191 262
59 130 200 271
59 138 208 279
60 76 145 216
60 84 153 224
60 91 160 231
60 99 168 239
60 113 182 253
60 122 191 262
60 131 200 271
60 139 208 279
61 77 154 222
61 85 161 229
61 92 169 237
61 106 183 251
61 114 192 260
61 123 201 269
62 70 146 214
62 78 154 222
62 86 161 229
62 93 169 237
62 107 183 251
62 115 192 260
62 124 201 269
62 132 209 277
63 71 146 214
63 79 154 222
63 87 161 229
63 94 169 237
63 108 183 251
63 116 192 260
63 125 201 269
63 133 209 277
64 72 146 215
64 80 154 223
64 88 161 230
64 102 175 244
64 109 183 252
64 117 192 261
64 126 201 270
64 134 209 278
65 73 146 215
65 81 154 223
65 89 161 230
65 95 169 238
65 110 183 252
65 118 192 261
65 127 201 270
65 135 209 278
66 74 146 215
66 96 169 238
66 103 175 244
66 111 183 252
66 119 192 261
66 128 201 270
66 136 209 278
67 82 154 224
67 97 169 239
67 104 175 245
67 120 192 262
67 129 201 271
67 137 209 279
68 75 146 216
68 83 154 224
68 90 161 231
68 98 169 239
68 105 175 245
68 112 183 253
68 121 192 262
68 130 201 271
68 138 209 279
69 76 146 216
69 84 154 224
69 91 161 231
69 99 169 239
69 113 183 253
69 122 192 262
69 131 201 271
69 139 209 279