276 0 459
c1l1
c2l1
c4l1
c6l1
c7l1
c8l1
c9l1
c4l2
c5l2
c6l2
c7l2
c9l2
c2l3
c5l3
c6l3
c8l3
c9l3
c2l4
c3l4
c4l4
c6l4
c7l4
c8l4
c9l4
c1l5
c2l5
c3l5
c4l5
c5l5
c6l5
c7l5
c8l5
c9l5
c1l6
c2l6
c3l6
c4l6
c5l6
c6l6
c7l6
c8l6
c9l6
c1l7
c2l7
c3l7
c4l7
c5l7
c6l7
c7l7
c8l7
c9l7
c1l8
c2l8
c3l8
c4l8
c5l8
c6l8
c7l8
c8l8
c9l8
c1l9
c2l9
c3l9
c4l9
c5l9
c6l9
c7l9
c8l9
c9l9
c1n1
c3n1
c4n1
c6n1
c7n1
c8n1
c9n1
c2n2
c3n2
c4n2
c5n2
c6n2
c7n2
c8n2
c9n2
c1n3
c2n3
c4n3
c5n3
c6n3
c8n3
c9n3
c2n4
c3n4
c4n4
c5n4
c6n4
c7n4
c8n4
c9n4
c2n5
c5n5
c6n5
c7n5
c8n5
c9n5
c1n6
c2n6
c4n6
c5n6
c6n6
c7n6
c8n6
c9n6
c1n7
c2n7
c3n7
c4n7
c5n7
c6n7
c7n7
c8n7
c9n7
c1n8
c2n8
c3n8
c4n8
c6n8
c7n8
c8n8
c9n8
c1n9
c2n9
c3n9
c4n9
c5n9
c6n9
c7n9
c9n9
l3n1
l4n1
l5n1
l6n1
l7n1
l8n1
l9n1
l1n2
l2n2
l4n2
l5n2
l6n2
l7n2
l8n2
l9n2
l2n3
l4n3
l5n3
l6n3
l7n3
l8n3
l9n3
l1n4
l3n4
l4n4
l5n4
l6n4
l7n4
l8n4
l9n4
l1n5
l5n5
l6n5
l7n5
l8n5
l9n5
l1n6
l2n6
l4n6
l5n6
l6n6
l7n6
l8n6
l9n6
l1n7
l2n7
l3n7
l4n7
l5n7
l6n7
l7n7
l8n7
l9n7
l1n8
l2n8
l3n8
l5n8
l6n8
l7n8
l8n8
l9n8
l1n9
l3n9
l4n9
l5n9
l6n9
l7n9
l8n9
l9n9
b2n1
b3n1
b4n1
b5n1
b6n1
b7n1
b8n1
b1n2
b2n2
b3n2
b4n2
b5n2
b6n2
b7n2
b8n2
b1n3
b3n3
b4n3
b5n3
b6n3
b7n3
b8n3
b1n4
b2n4
b3n4
b4n4
b5n4
b6n4
b7n4
b8n4
b2n5
b4n5
b5n5
b6n5
b7n5
b8n5
b1n6
b2n6
b3n6
b4n6
b5n6
b6n6
b7n6
b8n6
b0n7
b1n7
b2n7
b3n7
b4n7
b5n7
b6n7
b7n7
b8n7
b0n8
b1n8
b2n8
b3n8
b5n8
b6n8
b7n8
b8n8
b0n9
b1n9
b3n9
b4n9
b5n9
b6n9
b7n9
b8n9
0 113 182 251
0 122 191 260
0 130 199 268
1 114 182 251
1 123 191 260
1 131 199 268
2 78 145 214
2 93 160 229
2 107 174 243
2 116 182 252
2 125 191 261
2 133 199 269
3 80 145 214
3 95 160 229
3 109 174 243
3 118 182 252
3 126 191 261
3 135 199 269
4 81 145 215
4 96 160 230
4 102 168 237
4 110 174 244
4 119 182 253
4 127 191 262
5 82 145 215
5 97 160 230
5 103 168 237
5 111 174 244
5 120 182 253
5 128 191 262
6 83 145 215
6 98 160 230
6 104 168 237
6 112 174 244
6 121 182 253
6 129 191 262
7 78 146 214
7 86 153 222
7 107 175 243
7 116 183 252
7 125 192 261
8 79 146 214
8 87 153 222
8 108 175 243
8 117 183 252
9 80 146 214
9 88 153 222
9 109 175 243
9 118 183 252
9 126 192 261
10 81 146 215
10 110 175 244
10 119 183 253
10 127 192 262
11 83 146 215
11 112 175 244
11 121 183 253
11 129 192 262
12 114 184 251
12 123 193 260
12 131 200 268
13 94 161 229
13 117 184 252
13 134 200 269
14 95 161 229
14 118 184 252
14 126 193 261
14 135 200 269
15 74 138 207
15 97 161 230
15 120 184 253
15 128 193 262
16 75 138 207
16 98 161 230
16 121 184 253
16 129 193 262
17 76 147 216
17 85 154 223
17 91 162 231
17 106 176 245
17 114 185 254
17 131 201 270
18 70 139 208
18 77 147 216
18 92 162 231
18 115 185 254
18 132 201 270
19 71 139 209
19 78 147 217
19 86 154 224
19 93 162 232
19 107 176 246
19 116 185 255
19 133 201 271
20 72 139 209
20 80 147 217
20 88 154 224
20 95 162 232
20 109 176 246
20 118 185 255
20 135 201 271
21 73 139 210
21 81 147 218
21 96 162 233
21 110 176 247
21 119 185 256
21 136 201 272
22 74 139 210
22 82 147 218
22 89 154 225
22 97 162 233
22 111 176 247
22 120 185 256
23 75 139 210
23 83 147 218
23 90 154 225
23 98 162 233
23 112 176 247
23 121 185 256
23 137 201 272
24 69 140 208
24 84 155 223
24 105 177 245
24 113 186 254
24 122 194 263
24 130 202 270
25 76 148 216
25 85 155 223
25 91 163 231
25 106 177 245
25 114 186 254
25 123 194 263
25 131 202 270
26 70 140 208
26 77 148 216
26 92 163 231
26 115 186 254
26 124 194 263
26 132 202 270
27 71 140 209
27 78 148 217
27 86 155 224
27 93 163 232
27 107 177 246
27 116 186 255
27 133 202 271
28 79 148 217
28 87 155 224
28 94 163 232
28 100 169 238
28 108 177 246
28 117 186 255
28 134 202 271
29 72 140 209
29 80 148 217
29 88 155 224
29 95 163 232
29 101 169 238
29 109 177 246
29 118 186 255
29 135 202 271
30 73 140 210
30 81 148 218
30 96 163 233
30 102 169 239
30 110 177 247
30 119 186 256
30 127 194 264
30 136 202 272
31 74 140 210
31 82 148 218
31 89 155 225
31 97 163 233
31 103 169 239
31 111 177 247
31 120 186 256
31 128 194 264
32 75 140 210
32 83 148 218
32 90 155 225
32 98 163 233
32 104 169 239
32 112 177 247
32 121 186 256
32 129 194 264
32 137 202 272
33 69 141 208
33 84 156 223
33 105 178 245
33 113 187 254
33 122 195 263
33 130 203 270
34 76 149 216
34 85 156 223
34 91 164 231
34 106 178 245
34 114 187 254
34 123 195 263
34 131 203 270
35 70 141 208
35 77 149 216
35 92 164 231
35 115 187 254
35 124 195 263
35 132 203 270
36 71 141 209
36 78 149 217
36 86 156 224
36 93 164 232
36 107 178 246
36 116 187 255
36 133 203 271
37 79 149 217
37 87 156 224
37 94 164 232
37 100 170 238
37 108 178 246
37 117 187 255
37 134 203 271
38 72 141 209
38 80 149 217
38 88 156 224
38 95 164 232
38 101 170 238
38 109 178 246
38 118 187 255
38 135 203 271
39 73 141 210
39 81 149 218
39 96 164 233
39 102 170 239
39 110 178 247
39 119 187 256
39 127 195 264
39 136 203 272
40 74 141 210
40 82 149 218
40 89 156 225
40 97 164 233
40 103 170 239
40 111 178 247
40 120 187 256
40 128 195 264
41 75 141 210
41 83 149 218
41 90 156 225
41 98 164 233
41 104 170 239
41 112 178 247
41 121 187 256
41 129 195 264
41 137 203 272
42 69 142 211
42 84 157 226
42 105 179 248
42 113 188 257
42 122 196 265
42 130 204 273
43 76 150 219
43 85 157 226
43 91 165 234
43 99 171 240
43 106 179 248
43 114 188 257
43 123 196 265
43 131 204 273
44 70 142 211
44 77 150 219
44 92 165 234
44 115 188 257
44 124 196 265
44 132 204 273
45 71 142 212
45 78 150 220
45 86 157 227
45 93 165 235
45 107 179 249
45 116 188 258
45 125 196 266
45 133 204 274
46 79 150 220
46 87 157 227
46 94 165 235
46 100 171 241
46 108 179 249
46 117 188 258
46 134 204 274
47 72 142 212
47 80 150 220
47 88 157 227
47 95 165 235
47 101 171 241
47 109 179 249
47 118 188 258
47 126 196 266
47 135 204 274
48 73 142 213
48 81 150 221
48 96 165 236
48 102 171 242
48 110 179 250
48 119 188 259
48 127 196 267
48 136 204 275
49 74 142 213
49 82 150 221
49 89 157 228
49 97 165 236
49 103 171 242
49 111 179 250
49 120 188 259
49 128 196 267
50 75 142 213
50 83 150 221
50 90 157 228
50 98 165 236
50 104 171 242
50 112 179 250
50 121 188 259
50 129 196 267
50 137 204 275
51 69 143 211
51 84 158 226
51 105 180 248
51 113 189 257
51 122 197 265
51 130 205 273
52 76 151 219
52 85 158 226
52 91 166 234
52 99 172 240
52 106 180 248
52 114 189 257
52 123 197 265
52 131 205 273
53 70 143 211
53 77 151 219
53 92 166 234
53 115 189 257
53 124 197 265
53 132 205 273
54 71 143 212
54 78 151 220
54 86 158 227
54 93 166 235
54 107 180 249
54 116 189 258
54 125 197 266
54 133 205 274
55 79 151 220
55 87 158 227
55 94 166 235
55 100 172 241
55 108 180 249
55 117 189 258
55 134 205 274
56 72 143 212
56 80 151 220
56 88 158 227
56 95 166 235
56 101 172 241
56 109 180 249
56 118 189 258
56 126 197 266
56 135 205 274
57 73 143 213
57 81 151 221
57 96 166 236
57 102 172 242
57 110 180 250
57 119 189 259
57 127 197 267
57 136 205 275
58 74 143 213
58 82 151 221
58 89 158 228
58 97 166 236
58 103 172 242
58 111 180 250
58 120 189 259
58 128 197 267
59 75 143 213
59 83 151 221
59 90 158 228
59 98 166 236
59 104 172 242
59 112 180 250
59 121 189 259
59 129 197 267
59 137 205 275
60 69 144 211
60 84 159 226
60 105 181 248
60 113 190 257
60 122 198 265
60 130 206 273
61 76 152 219
61 85 159 226
61 91 167 234
61 99 173 240
61 106 181 248
61 114 190 257
61 123 198 265
61 131 206 273
62 70 144 211
62 77 152 219
62 92 167 234
62 115 190 257
62 124 198 265
62 132 206 273
63 71 144 212
63 78 152 220
63 86 159 227
63 93 167 235
63 107 181 249
63 116 190 258
63 125 198 266
63 133 206 274
64 79 152 220
64 87 159 227
64 94 167 235
64 100 173 241
64 108 181 249
64 117 190 258
64 134 206 274
65 72 144 212
65 80 152 220
65 88 159 227
65 95 167 235
65 101 173 241
65 109 181 249
65 118 190 258
65 126 198 266
65 135 206 274
66 73 144 213
66 81 152 221
66 96 167 236
66 102 173 242
66 110 181 250
66 119 190 259
66 127 198 267
66 136 206 275
67 74 144 213
67 82 152 221
67 89 159 228
67 97 167 236
67 103 173 242
67 111 181 250
67 120 190 259
67 128 198 267
68 75 144 213
68 83 152 221
68 90 159 228
68 98 167 236
68 104 173 242
68 112 181 250
68 121 190 259
68 129 198 267
68 137 206 275