276 0 421
c1l1
c2l1
c3l1
c4l1
c5l1
c6l1
c8l1
c9l1
c2l2
c3l2
c5l2
c6l2
c7l2
c8l2
c9l2
c1l3
c2l3
c3l3
c4l3
c5l3
c6l3
c8l3
c2l4
c3l4
c4l4
c5l4
c6l4
c7l4
c8l4
c9l4
c1l5
c2l5
c3l5
c4l5
c5l5
c8l5
c9l5
c1l6
c2l6
c3l6
c4l6
c7l6
c8l6
c9l6
c1l7
c3l7
c5l7
c6l7
c7l7
c8l7
c9l7
c1l8
c2l8
c3l8
c4l8
c5l8
c6l8
c7l8
c8l8
c9l8
c1l9
c2l9
c3l9
c4l9
c5l9
c6l9
c7l9
c8l9
c9l9
c2n1
c3n1
c4n1
c5n1
c6n1
c8n1
c9n1
c1n2
c2n2
c3n2
c4n2
c5n2
c7n2
c8n2
c9n2
c1n3
c2n3
c3n3
c4n3
c5n3
c8n3
c9n3
c1n4
c2n4
c3n4
c5n4
c6n4
c7n4
c8n4
c9n4
c1n5
c3n5
c4n5
c6n5
c7n5
c8n5
c1n6
c2n6
c3n6
c4n6
c5n6
c6n6
c8n6
c9n6
c1n7
c2n7
c3n7
c4n7
c5n7
c6n7
c7n7
c8n7
c9n7
c1n8
c2n8
c3n8
c5n8
c6n8
c7n8
c8n8
c9n8
c2n9
c3n9
c4n9
c5n9
c6n9
c7n9
c8n9
c9n9
l1n1
l4n1
l5n1
l6n1
l7n1
l8n1
l9n1
l1n2
l2n2
l3n2
l4n2
l6n2
l7n2
l8n2
l9n2
l2n3
l3n3
l4n3
l5n3
l7n3
l8n3
l9n3
l1n4
l3n4
l4n4
l5n4
l6n4
l7n4
l8n4
l9n4
l1n5
l2n5
l4n5
l5n5
l8n5
l9n5
l1n6
l2n6
l3n6
l4n6
l6n6
l7n6
l8n6
l9n6
l1n7
l2n7
l3n7
l4n7
l5n7
l6n7
l7n7
l8n7
l9n7
l1n8
l2n8
l3n8
l4n8
l5n8
l6n8
l8n8
l9n8
l1n9
l2n9
l3n9
l5n9
l6n9
l7n9
l8n9
l9n9
b1n1
b3n1
b4n1
b5n1
b6n1
b7n1
b8n1
b0n2
b1n2
b2n2
b3n2
b5n2
b6n2
b7n2
b8n2
b0n3
b1n3
b3n3
b5n3
b6n3
b7n3
b8n3
b0n4
b2n4
b3n4
b4n4
b5n4
b6n4
b7n4
b8n4
b0n5
b1n5
b3n5
b5n5
b7n5
b8n5
b0n6
b1n6
b2n6
b3n6
b4n6
b6n6
b7n6
b8n6
b0n7
b1n7
b2n7
b3n7
b4n7
b5n7
b6n7
b7n7
b8n7
b0n8
b1n8
b2n8
b3n8
b4n8
b5n8
b6n8
b8n8
b0n9
b1n9
b2n9
b4n9
b5n9
b6n9
b7n9
b8n9
0 76 145 214
0 91 160 229
0 99 168 237
0 105 174 243
0 113 182 251
0 122 191 260
1 77 145 214
1 92 160 229
1 106 174 243
1 114 182 251
1 123 191 260
1 130 199 268
2 78 145 214
2 93 160 229
2 100 168 237
2 107 174 243
2 115 182 251
2 124 191 260
2 131 199 268
3 71 138 207
3 79 145 215
3 101 168 238
3 108 174 244
3 116 182 252
3 132 199 269
4 72 138 207
4 80 145 215
4 109 174 244
4 117 182 252
4 125 191 261
4 133 199 269
5 73 138 207
5 102 168 238
5 110 174 244
5 118 182 252
5 126 191 261
5 134 199 269
6 82 145 216
6 97 160 230
6 111 174 245
6 120 182 253
6 128 191 262
6 136 199 270
7 83 145 216
7 98 160 230
7 112 174 245
7 121 182 253
7 129 191 262
7 137 199 270
8 77 146 214
8 85 153 222
8 106 175 243
8 114 183 251
8 123 192 260
8 130 200 268
9 78 146 214
9 86 153 222
9 100 169 237
9 107 175 243
9 115 183 251
9 124 192 260
9 131 200 268
10 80 146 215
10 88 153 223
10 109 175 244
10 117 183 252
10 125 192 261
10 133 200 269
11 102 169 238
11 110 175 244
11 118 183 252
11 126 192 261
11 134 200 269
12 81 146 216
12 119 183 253
12 127 192 262
12 135 200 270
13 82 146 216
13 111 175 245
13 120 183 253
13 128 192 262
13 136 200 270
14 83 146 216
14 112 175 245
14 121 183 253
14 129 192 262
14 137 200 270
15 76 147 214
15 84 154 222
15 91 161 229
15 105 176 243
15 113 184 251
15 122 193 260
16 77 147 214
16 85 154 222
16 92 161 229
16 106 176 243
16 114 184 251
16 123 193 260
16 130 201 268
17 78 147 214
17 86 154 222
17 93 161 229
17 107 176 243
17 115 184 251
17 124 193 260
17 131 201 268
18 79 147 215
18 87 154 223
18 108 176 244
18 116 184 252
18 132 201 269
19 80 147 215
19 88 154 223
19 109 176 244
19 117 184 252
19 125 193 261
19 133 201 269
20 110 176 244
20 118 184 252
20 126 193 261
20 134 201 269
21 82 147 216
21 97 161 230
21 111 176 245
21 120 184 253
21 128 193 262
21 136 201 270
22 69 139 208
22 77 148 217
22 85 155 224
22 92 162 231
22 106 177 246
22 114 185 254
22 123 194 263
23 70 139 208
23 78 148 217
23 86 155 224
23 93 162 231
23 100 170 239
23 107 177 246
23 115 185 254
23 124 194 263
24 71 139 209
24 108 177 247
24 116 185 255
25 72 139 209
25 94 162 232
25 109 177 247
25 117 185 255
25 125 194 264
26 73 139 209
26 95 162 232
26 110 177 247
26 118 185 255
26 126 194 264
27 81 148 218
27 96 162 233
27 103 170 240
27 119 185 256
27 127 194 265
28 74 139 210
28 82 148 218
28 89 155 225
28 97 162 233
28 104 170 240
28 120 185 256
28 128 194 265
29 75 139 210
29 83 148 218
29 90 155 225
29 98 162 233
29 121 185 256
29 129 194 265
30 84 156 224
30 91 163 231
30 99 171 239
30 113 186 254
30 122 195 263
31 69 140 208
31 85 156 224
31 92 163 231
31 114 186 254
31 123 195 263
32 70 140 208
32 86 156 224
32 93 163 231
32 100 171 239
32 115 186 254
32 124 195 263
33 71 140 209
33 116 186 255
33 132 202 271
34 72 140 209
34 94 163 232
34 117 186 255
34 125 195 264
34 133 202 271
35 74 140 210
35 89 156 225
35 97 163 233
35 104 171 240
35 120 186 256
35 128 195 265
35 136 202 272
36 75 140 210
36 90 156 225
36 98 163 233
36 121 186 256
36 129 195 265
36 137 202 272
37 76 149 217
37 91 164 231
37 105 178 246
37 113 187 254
37 122 196 263
38 69 141 208
38 77 149 217
38 92 164 231
38 106 178 246
38 114 187 254
38 123 196 263
39 70 141 208
39 78 149 217
39 93 164 231
39 107 178 246
39 115 187 254
39 124 196 263
40 71 141 209
40 108 178 247
40 116 187 255
40 132 203 271
41 81 149 218
41 96 164 233
41 119 187 256
41 127 196 265
41 135 203 272
42 74 141 210
42 82 149 218
42 97 164 233
42 120 187 256
42 128 196 265
42 136 203 272
43 75 141 210
43 83 149 218
43 98 164 233
43 121 187 256
43 129 196 265
43 137 203 272
44 76 150 219
44 84 157 226
44 91 165 234
44 105 179 248
44 113 188 257
45 70 142 211
45 78 150 219
45 86 157 226
45 93 165 234
45 107 179 248
45 115 188 257
45 131 204 273
46 72 142 212
46 80 150 220
46 88 157 227
46 94 165 235
46 109 179 249
46 117 188 258
46 133 204 274
47 73 142 212
47 95 165 235
47 110 179 249
47 118 188 258
47 134 204 274
48 81 150 221
48 96 165 236
48 119 188 259
48 135 204 275
49 74 142 213
49 82 150 221
49 89 157 228
49 97 165 236
49 111 179 250
49 120 188 259
49 136 204 275
50 75 142 213
50 83 150 221
50 90 157 228
50 98 165 236
50 112 179 250
50 121 188 259
50 137 204 275
51 76 151 219
51 84 158 226
51 91 166 234
51 105 180 248
51 113 189 257
51 122 197 266
52 69 143 211
52 77 151 219
52 85 158 226
52 92 166 234
52 106 180 248
52 114 189 257
52 123 197 266
52 130 205 273
53 70 143 211
53 78 151 219
53 86 158 226
53 93 166 234
53 107 180 248
53 115 189 257
53 124 197 266
53 131 205 273
54 71 143 212
54 79 151 220
54 87 158 227
54 101 172 241
54 108 180 249
54 116 189 258
54 132 205 274
55 72 143 212
55 80 151 220
55 88 158 227
55 94 166 235
55 109 180 249
55 117 189 258
55 133 205 274
56 73 143 212
56 95 166 235
56 102 172 241
56 110 180 249
56 118 189 258
56 134 205 274
57 81 151 221
57 96 166 236
57 103 172 242
57 119 189 259
57 127 197 267
57 135 205 275
58 74 143 213
58 82 151 221
58 89 158 228
58 97 166 236
58 104 172 242
58 111 180 250
58 120 189 259
58 128 197 267
58 136 205 275
59 75 143 213
59 83 151 221
59 90 158 228
59 98 166 236
59 112 180 250
59 121 189 259
59 129 197 267
59 137 205 275
60 76 152 219
60 84 159 226
60 91 167 234
60 105 181 248
60 113 190 257
60 122 198 266
61 69 144 211
61 77 152 219
61 85 159 226
61 92 167 234
61 106 181 248
61 114 190 257
61 123 198 266
61 130 206 273
62 70 144 211
62 78 152 219
62 86 159 226
62 93 167 234
62 107 181 248
62 115 190 257
62 124 198 266
62 131 206 273
63 71 144 212
63 79 152 220
63 87 159 227
63 101 173 241
63 108 181 249
63 116 190 258
63 132 206 274
64 72 144 212
64 80 152 220
64 88 159 227
64 94 167 235
64 109 181 249
64 117 190 258
64 133 206 274
65 73 144 212
65 95 167 235
65 102 173 241
65 110 181 249
65 118 190 258
65 134 206 274
66 81 152 221
66 96 167 236
66 103 173 242
66 119 190 259
66 127 198 267
66 135 206 275
67 74 144 213
67 82 152 221
67 89 159 228
67 97 167 236
67 104 173 242
67 111 181 250
67 120 190 259
67 128 198 267
67 136 206 275
68 75 144 213
68 83 152 221
68 90 159 228
68 98 167 236
68 112 181 250
68 121 190 259
68 129 198 267
68 137 206 275