292 0 518
c1l1
c3l1
c4l1
c6l1
c7l1
c8l1
c9l1
c1l2
c2l2
c3l2
c5l2
c6l2
c8l2
c9l2
c1l3
c3l3
c4l3
c5l3
c6l3
c7l3
c9l3
c2l4
c3l4
c4l4
c5l4
c6l4
c8l4
c9l4
c1l5
c2l5
c3l5
c4l5
c5l5
c6l5
c7l5
c8l5
c9l5
c1l6
c2l6
c3l6
c4l6
c5l6
c6l6
c7l6
c8l6
c9l6
c1l7
c2l7
c3l7
c4l7
c5l7
c6l7
c7l7
c8l7
c9l7
c1l8
c2l8
c3l8
c4l8
c5l8
c6l8
c7l8
c8l8
c9l8
c1l9
c2l9
c3l9
c4l9
c5l9
c6l9
c7l9
c8l9
c9l9
c1n1
c2n1
c3n1
c4n1
c6n1
c8n1
c9n1
c2n2
c3n2
c4n2
c5n2
c6n2
c7n2
c8n2
c9n2
c1n3
c3n3
c4n3
c5n3
c6n3
c7n3
c8n3
c9n3
c1n4
c2n4
c3n4
c5n4
c6n4
c7n4
c8n4
c9n4
c1n5
c3n5
c4n5
c5n5
c6n5
c7n5
c8n5
c9n5
c1n6
c2n6
c3n6
c4n6
c5n6
c6n6
c8n6
c9n6
c1n7
c2n7
c3n7
c4n7
c5n7
c6n7
c7n7
c8n7
c9n7
c1n8
c2n8
c3n8
c4n8
c5n8
c6n8
c7n8
c8n8
c9n8
c1n9
c2n9
c3n9
c4n9
c5n9
c6n9
c7n9
c9n9
l3n1
l4n1
l5n1
l6n1
l7n1
l8n1
l9n1
l1n2
l2n2
l3n2
l5n2
l6n2
l7n2
l8n2
l9n2
l2n3
l3n3
l4n3
l5n3
l6n3
l7n3
l8n3
l9n3
l1n4
l3n4
l4n4
l5n4
l6n4
l7n4
l8n4
l9n4
l1n5
l2n5
l4n5
l5n5
l6n5
l7n5
l8n5
l9n5
l1n6
l2n6
l3n6
l5n6
l6n6
l7n6
l8n6
l9n6
l1n7
l2n7
l3n7
l4n7
l5n7
l6n7
l7n7
l8n7
l9n7
l1n8
l2n8
l3n8
l4n8
l5n8
l6n8
l7n8
l8n8
l9n8
l1n9
l2n9
l4n9
l5n9
l6n9
l7n9
l8n9
l9n9
b0n1
b3n1
b4n1
b5n1
b6n1
b7n1
b8n1
b0n2
b1n2
b2n2
b4n2
b5n2
b6n2
b7n2
b8n2
b1n3
b2n3
b3n3
b4n3
b5n3
b6n3
b7n3
b8n3
b0n4
b2n4
b3n4
b4n4
b5n4
b6n4
b7n4
b8n4
b1n5
b2n5
b3n5
b4n5
b5n5
b6n5
b7n5
b8n5
b0n6
b1n6
b2n6
b3n6
b4n6
b6n6
b7n6
b8n6
b0n7
b1n7
b2n7
b3n7
b4n7
b5n7
b6n7
b7n7
b8n7
b0n8
b1n8
b2n8
b3n8
b4n8
b5n8
b6n8
b7n8
b8n8
b0n9
b1n9
b3n9
b4n9
b5n9
b6n9
b7n9
b8n9
0 96 169 242
0 112 185 258
0 120 193 266
0 129 202 275
0 138 211 284
1 81 153 226
1 98 169 242
1 114 185 258
1 122 193 266
1 131 202 275
1 140 211 284
2 82 153 227
2 106 177 250
2 115 185 259
2 123 193 267
2 132 202 276
2 141 211 285
3 84 153 227
3 108 177 250
3 117 185 259
3 125 193 267
3 134 202 276
3 143 211 285
4 85 153 228
4 101 169 243
4 109 177 251
4 126 193 268
4 135 202 277
5 86 153 228
5 102 169 243
5 110 177 251
5 118 185 260
5 127 193 268
5 136 202 277
6 87 153 228
6 103 169 243
6 111 177 251
6 119 185 260
6 128 193 268
6 137 202 277
7 112 186 258
7 120 194 266
7 129 203 275
7 138 212 284
8 80 154 226
8 113 186 258
8 121 194 266
8 130 203 275
8 139 212 284
9 81 154 226
9 114 186 258
9 122 194 266
9 131 203 275
9 140 212 284
10 83 154 227
10 91 161 234
10 107 178 250
10 116 186 259
10 124 194 267
10 133 203 276
10 142 212 285
11 84 154 227
11 92 161 234
11 108 178 250
11 117 186 259
11 125 194 267
11 134 203 276
11 143 212 285
12 86 154 228
12 94 161 235
12 110 178 251
12 118 186 260
12 127 194 268
12 136 203 277
13 87 154 228
13 95 161 235
13 111 178 251
13 119 186 260
13 128 194 268
13 137 203 277
14 73 146 219
14 96 170 242
14 112 187 258
14 120 195 266
14 129 204 275
15 75 146 219
15 81 155 226
15 98 170 242
15 114 187 258
15 122 195 266
15 131 204 275
16 82 155 227
16 90 162 234
16 115 187 259
16 123 195 267
16 132 204 276
17 83 155 227
17 91 162 234
17 116 187 259
17 124 195 267
17 133 204 276
18 84 155 227
18 92 162 234
18 117 187 259
18 125 195 267
18 134 204 276
19 85 155 228
19 93 162 235
19 101 170 243
19 126 195 268
19 135 204 277
20 87 155 228
20 95 162 235
20 103 170 243
20 119 187 260
20 128 195 268
20 137 204 277
21 74 147 220
21 97 171 244
21 121 196 269
21 130 205 278
21 139 213 286
22 75 147 220
22 89 163 236
22 98 171 244
22 105 179 252
22 122 196 269
22 131 205 278
22 140 213 286
23 76 147 221
23 90 163 237
23 106 179 253
23 123 196 270
23 132 205 279
23 141 213 287
24 91 163 237
24 99 171 245
24 107 179 253
24 124 196 270
24 133 205 279
24 142 213 287
25 77 147 221
25 92 163 237
25 100 171 245
25 108 179 253
25 125 196 270
25 134 205 279
25 143 213 287
26 78 147 222
26 94 163 238
26 102 171 246
26 110 179 254
26 127 196 271
26 136 205 280
27 79 147 222
27 95 163 238
27 103 171 246
27 111 179 254
27 128 196 271
27 137 205 280
27 145 213 288
28 73 148 220
28 88 164 236
28 96 172 244
28 104 180 252
28 112 188 261
28 120 197 269
28 129 206 278
28 138 214 286
29 74 148 220
29 97 172 244
29 113 188 261
29 121 197 269
29 130 206 278
29 139 214 286
30 75 148 220
30 89 164 236
30 98 172 244
30 105 180 252
30 114 188 261
30 122 197 269
30 131 206 278
30 140 214 286
31 76 148 221
31 82 156 229
31 90 164 237
31 106 180 253
31 115 188 262
31 123 197 270
31 132 206 279
31 141 214 287
32 83 156 229
32 91 164 237
32 99 172 245
32 107 180 253
32 116 188 262
32 124 197 270
32 133 206 279
32 142 214 287
33 77 148 221
33 84 156 229
33 92 164 237
33 100 172 245
33 108 180 253
33 117 188 262
33 125 197 270
33 134 206 279
33 143 214 287
34 85 156 230
34 93 164 238
34 101 172 246
34 109 180 254
34 126 197 271
34 135 206 280
34 144 214 288
35 78 148 222
35 86 156 230
35 94 164 238
35 102 172 246
35 110 180 254
35 127 197 271
35 136 206 280
36 79 148 222
36 87 156 230
36 95 164 238
36 103 172 246
36 111 180 254
36 128 197 271
36 137 206 280
36 145 214 288
37 73 149 220
37 88 165 236
37 96 173 244
37 104 181 252
37 112 189 261
37 120 198 269
37 129 207 278
37 138 215 286
38 74 149 220
38 97 173 244
38 113 189 261
38 121 198 269
38 130 207 278
38 139 215 286
39 75 149 220
39 89 165 236
39 98 173 244
39 105 181 252
39 114 189 261
39 122 198 269
39 131 207 278
39 140 215 286
40 76 149 221
40 82 157 229
40 90 165 237
40 106 181 253
40 115 189 262
40 123 198 270
40 132 207 279
40 141 215 287
41 83 157 229
41 91 165 237
41 99 173 245
41 107 181 253
41 116 189 262
41 124 198 270
41 133 207 279
41 142 215 287
42 77 149 221
42 84 157 229
42 92 165 237
42 100 173 245
42 108 181 253
42 117 189 262
42 125 198 270
42 134 207 279
42 143 215 287
43 85 157 230
43 93 165 238
43 101 173 246
43 109 181 254
43 126 198 271
43 135 207 280
43 144 215 288
44 78 149 222
44 86 157 230
44 94 165 238
44 102 173 246
44 110 181 254
44 127 198 271
44 136 207 280
45 79 149 222
45 87 157 230
45 95 165 238
45 103 173 246
45 111 181 254
45 128 198 271
45 137 207 280
45 145 215 288
46 73 150 223
46 88 166 239
46 96 174 247
46 104 182 255
46 112 190 263
46 120 199 272
46 129 208 281
46 138 216 289
47 74 150 223
47 80 158 231
47 97 174 247
47 113 190 263
47 121 199 272
47 130 208 281
47 139 216 289
48 75 150 223
48 81 158 231
48 89 166 239
48 98 174 247
48 105 182 255
48 114 190 263
48 122 199 272
48 131 208 281
48 140 216 289
49 76 150 224
49 82 158 232
49 90 166 240
49 106 182 256
49 115 190 264
49 123 199 273
49 132 208 282
49 141 216 290
50 83 158 232
50 91 166 240
50 99 174 248
50 107 182 256
50 116 190 264
50 124 199 273
50 133 208 282
50 142 216 290
51 77 150 224
51 84 158 232
51 92 166 240
51 100 174 248
51 108 182 256
51 117 190 264
51 125 199 273
51 134 208 282
51 143 216 290
52 85 158 233
52 93 166 241
52 101 174 249
52 109 182 257
52 126 199 274
52 135 208 283
52 144 216 291
53 78 150 225
53 86 158 233
53 94 166 241
53 102 174 249
53 110 182 257
53 118 190 265
53 127 199 274
53 136 208 283
54 79 150 225
54 87 158 233
54 95 166 241
54 103 174 249
54 111 182 257
54 119 190 265
54 128 199 274
54 137 208 283
54 145 216 291
55 73 151 223
55 88 167 239
55 96 175 247
55 104 183 255
55 112 191 263
55 120 200 272
55 129 209 281
55 138 217 289
56 74 151 223
56 80 159 231
56 97 175 247
56 113 191 263
56 121 200 272
56 130 209 281
56 139 217 289
57 75 151 223
57 81 159 231
57 89 167 239
57 98 175 247
57 105 183 255
57 114 191 263
57 122 200 272
57 131 209 281
57 140 217 289
58 76 151 224
58 82 159 232
58 90 167 240
58 106 183 256
58 115 191 264
58 123 200 273
58 132 209 282
58 141 217 290
59 83 159 232
59 91 167 240
59 99 175 248
59 107 183 256
59 116 191 264
59 124 200 273
59 133 209 282
59 142 217 290
60 77 151 224
60 84 159 232
60 92 167 240
60 100 175 248
60 108 183 256
60 117 191 264
60 125 200 273
60 134 209 282
60 143 217 290
61 85 159 233
61 93 167 241
61 101 175 249
61 109 183 257
61 126 200 274
61 135 209 283
61 144 217 291
62 78 151 225
62 86 159 233
62 94 167 241
62 102 175 249
62 110 183 257
62 118 191 265
62 127 200 274
62 136 209 283
63 79 151 225
63 87 159 233
63 95 167 241
63 103 175 249
63 111 183 257
63 119 191 265
63 128 200 274
63 137 209 283
63 145 217 291
64 73 152 223
64 88 168 239
64 96 176 247
64 104 184 255
64 112 192 263
64 120 201 272
64 129 210 281
64 138 218 289
65 74 152 223
65 80 160 231
65 97 176 247
65 113 192 263
65 121 201 272
65 130 210 281
65 139 218 289
66 75 152 223
66 81 160 231
66 89 168 239
66 98 176 247
66 105 184 255
66 114 192 263
66 122 201 272
66 131 210 281
66 140 218 289
67 76 152 224
67 82 160 232
67 90 168 240
67 106 184 256
67 115 192 264
67 123 201 273
67 132 210 282
67 141 218 290
68 83 160 232
68 91 168 240
68 99 176 248
68 107 184 256
68 116 192 264
68 124 201 273
68 133 210 282
68 142 218 290
69 77 152 224
69 84 160 232
69 92 168 240
69 100 176 248
69 108 184 256
69 117 192 264
69 125 201 273
69 134 210 282
69 143 218 290
70 85 160 233
70 93 168 241
70 101 176 249
70 109 184 257
70 126 201 274
70 135 210 283
70 144 218 291
71 78 152 225
71 86 160 233
71 94 168 241
71 102 176 249
71 110 184 257
71 118 192 265
71 127 201 274
71 136 210 283
72 79 152 225
72 87 160 233
72 95 168 241
72 103 176 249
72 111 184 257
72 119 192 265
72 128 201 274
72 137 210 283
72 145 218 291