296 0 542
c1l1
c2l1
c3l1
c4l1
c5l1
c6l1
c8l1
c9l1
c2l2
c3l2
c5l2
c6l2
c7l2
c8l2
c9l2
c1l3
c2l3
c3l3
c4l3
c5l3
c6l3
c8l3
c2l4
c3l4
c4l4
c5l4
c6l4
c7l4
c8l4
c9l4
c1l5
c2l5
c3l5
c4l5
c5l5
c7l5
c8l5
c9l5
c1l6
c2l6
c3l6
c4l6
c5l6
c6l6
c7l6
c8l6
c9l6
c1l7
c2l7
c3l7
c4l7
c5l7
c6l7
c7l7
c8l7
c9l7
c1l8
c2l8
c3l8
c4l8
c5l8
c6l8
c7l8
c8l8
c9l8
c1l9
c2l9
c3l9
c4l9
c5l9
c6l9
c7l9
c8l9
c9l9
c2n1
c3n1
c4n1
c5n1
c6n1
c8n1
c9n1
c1n2
c2n2
c3n2
c4n2
c5n2
c7n2
c8n2
c9n2
c1n3
c2n3
c3n3
c4n3
c5n3
c6n3
c8n3
c9n3
c1n4
c2n4
c3n4
c5n4
c6n4
c7n4
c8n4
c9n4
c1n5
c2n5
c3n5
c4n5
c5n5
c6n5
c7n5
c8n5
c1n6
c2n6
c3n6
c4n6
c5n6
c6n6
c7n6
c8n6
c9n6
c1n7
c2n7
c3n7
c4n7
c5n7
c6n7
c7n7
c8n7
c9n7
c1n8
c2n8
c3n8
c4n8
c5n8
c6n8
c7n8
c8n8
c9n8
c2n9
c3n9
c4n9
c5n9
c6n9
c7n9
c8n9
c9n9
l1n1
l4n1
l5n1
l6n1
l7n1
l8n1
l9n1
l1n2
l2n2
l3n2
l4n2
l6n2
l7n2
l8n2
l9n2
l2n3
l3n3
l4n3
l5n3
l6n3
l7n3
l8n3
l9n3
l1n4
l3n4
l4n4
l5n4
l6n4
l7n4
l8n4
l9n4
l1n5
l2n5
l4n5
l5n5
l6n5
l7n5
l8n5
l9n5
l1n6
l2n6
l3n6
l4n6
l5n6
l6n6
l7n6
l8n6
l9n6
l1n7
l2n7
l3n7
l4n7
l5n7
l6n7
l7n7
l8n7
l9n7
l1n8
l2n8
l3n8
l4n8
l5n8
l6n8
l7n8
l8n8
l9n8
l1n9
l2n9
l3n9
l5n9
l6n9
l7n9
l8n9
l9n9
b1n1
b3n1
b4n1
b5n1
b6n1
b7n1
b8n1
b0n2
b1n2
b2n2
b3n2
b5n2
b6n2
b7n2
b8n2
b0n3
b1n3
b3n3
b4n3
b5n3
b6n3
b7n3
b8n3
b0n4
b2n4
b3n4
b4n4
b5n4
b6n4
b7n4
b8n4
b0n5
b1n5
b3n5
b4n5
b5n5
b6n5
b7n5
b8n5
b0n6
b1n6
b2n6
b3n6
b4n6
b5n6
b6n6
b7n6
b8n6
b0n7
b1n7
b2n7
b3n7
b4n7
b5n7
b6n7
b7n7
b8n7
b0n8
b1n8
b2n8
b3n8
b4n8
b5n8
b6n8
b7n8
b8n8
b0n9
b1n9
b2n9
b4n9
b5n9
b6n9
b7n9
b8n9
0 81 155 229
0 97 171 245
0 105 179 253
0 113 187 261
0 122 196 270
0 131 205 279
1 82 155 229
1 98 171 245
1 106 179 253
1 114 187 261
1 123 196 270
1 132 205 279
1 140 214 288
2 83 155 229
2 99 171 245
2 107 179 253
2 115 187 261
2 124 196 270
2 133 205 279
2 141 214 288
3 76 148 222
3 84 155 230
3 108 179 254
3 116 187 262
3 125 196 271
3 134 205 280
3 142 214 289
4 77 148 222
4 85 155 230
4 109 179 254
4 117 187 262
4 126 196 271
4 135 205 280
4 143 214 289
5 78 148 222
5 110 179 254
5 118 187 262
5 127 196 271
5 136 205 280
5 144 214 289
6 87 155 231
6 103 171 246
6 120 187 263
6 129 196 272
6 138 205 281
6 146 214 290
7 88 155 231
7 104 171 246
7 121 187 263
7 130 196 272
7 139 205 281
7 147 214 290
8 82 156 229
8 90 163 237
8 106 180 253
8 114 188 261
8 123 197 270
8 132 206 279
8 140 215 288
9 83 156 229
9 91 163 237
9 107 180 253
9 115 188 261
9 124 197 270
9 133 206 279
9 141 215 288
10 85 156 230
10 93 163 238
10 109 180 254
10 117 188 262
10 126 197 271
10 135 206 280
10 143 215 289
11 94 163 238
11 110 180 254
11 118 188 262
11 127 197 271
11 136 206 280
11 144 215 289
12 86 156 231
12 119 188 263
12 128 197 272
12 137 206 281
12 145 215 290
13 87 156 231
13 120 188 263
13 129 197 272
13 138 206 281
13 146 215 290
14 88 156 231
14 121 188 263
14 130 197 272
14 139 206 281
14 147 215 290
15 81 157 229
15 89 164 237
15 97 172 245
15 113 189 261
15 122 198 270
15 131 207 279
16 82 157 229
16 90 164 237
16 98 172 245
16 114 189 261
16 123 198 270
16 132 207 279
16 140 216 288
17 83 157 229
17 91 164 237
17 99 172 245
17 115 189 261
17 124 198 270
17 133 207 279
17 141 216 288
18 84 157 230
18 92 164 238
18 116 189 262
18 125 198 271
18 134 207 280
18 142 216 289
19 85 157 230
19 93 164 238
19 117 189 262
19 126 198 271
19 135 207 280
19 143 216 289
20 94 164 238
20 118 189 262
20 127 198 271
20 136 207 280
20 144 216 289
21 87 157 231
21 103 172 246
21 120 189 263
21 129 198 272
21 138 207 281
21 146 216 290
22 74 149 223
22 82 158 232
22 90 165 239
22 98 173 247
22 106 181 255
22 114 190 264
22 123 199 273
22 132 208 282
23 75 149 223
23 83 158 232
23 91 165 239
23 99 173 247
23 107 181 255
23 115 190 264
23 124 199 273
23 133 208 282
24 76 149 224
24 92 165 240
24 108 181 256
24 116 190 265
24 125 199 274
24 134 208 283
25 77 149 224
25 93 165 240
25 100 173 248
25 109 181 256
25 117 190 265
25 126 199 274
25 135 208 283
26 78 149 224
26 94 165 240
26 101 173 248
26 110 181 256
26 118 190 265
26 127 199 274
26 136 208 283
27 86 158 233
27 102 173 249
27 111 181 257
27 119 190 266
27 128 199 275
27 137 208 284
28 79 149 225
28 87 158 233
28 95 165 241
28 103 173 249
28 112 181 257
28 120 190 266
28 129 199 275
28 138 208 284
29 80 149 225
29 88 158 233
29 96 165 241
29 104 173 249
29 121 190 266
29 130 199 275
29 139 208 284
30 89 166 239
30 97 174 247
30 105 182 255
30 113 191 264
30 122 200 273
30 131 209 282
31 74 150 223
31 90 166 239
31 98 174 247
31 106 182 255
31 114 191 264
31 123 200 273
31 132 209 282
32 75 150 223
32 91 166 239
32 99 174 247
32 107 182 255
32 115 191 264
32 124 200 273
32 133 209 282
33 76 150 224
33 92 166 240
33 108 182 256
33 116 191 265
33 125 200 274
33 134 209 283
33 142 217 291
34 77 150 224
34 93 166 240
34 100 174 248
34 109 182 256
34 117 191 265
34 126 200 274
34 135 209 283
34 143 217 291
35 102 174 249
35 111 182 257
35 119 191 266
35 128 200 275
35 137 209 284
35 145 217 292
36 79 150 225
36 95 166 241
36 103 174 249
36 112 182 257
36 120 191 266
36 129 200 275
36 138 209 284
36 146 217 292
37 80 150 225
37 96 166 241
37 104 174 249
37 121 191 266
37 130 200 275
37 139 209 284
37 147 217 292
38 81 159 232
38 89 167 239
38 97 175 247
38 105 183 255
38 113 192 264
38 122 201 273
38 131 210 282
39 74 151 223
39 82 159 232
39 90 167 239
39 98 175 247
39 106 183 255
39 114 192 264
39 123 201 273
39 132 210 282
40 75 151 223
40 83 159 232
40 91 167 239
40 99 175 247
40 107 183 255
40 115 192 264
40 124 201 273
40 133 210 282
41 76 151 224
41 92 167 240
41 108 183 256
41 116 192 265
41 125 201 274
41 134 210 283
41 142 218 291
42 77 151 224
42 93 167 240
42 100 175 248
42 109 183 256
42 117 192 265
42 126 201 274
42 135 210 283
42 143 218 291
43 78 151 224
43 94 167 240
43 101 175 248
43 110 183 256
43 118 192 265
43 127 201 274
43 136 210 283
43 144 218 291
44 86 159 233
44 102 175 249
44 111 183 257
44 119 192 266
44 128 201 275
44 137 210 284
44 145 218 292
45 79 151 225
45 87 159 233
45 95 167 241
45 103 175 249
45 112 183 257
45 120 192 266
45 129 201 275
45 138 210 284
45 146 218 292
46 80 151 225
46 88 159 233
46 96 167 241
46 104 175 249
46 121 192 266
46 130 201 275
46 139 210 284
46 147 218 292
47 81 160 234
47 89 168 242
47 97 176 250
47 105 184 258
47 113 193 267
47 122 202 276
47 131 211 285
48 74 152 226
48 82 160 234
48 90 168 242
48 98 176 250
48 106 184 258
48 114 193 267
48 123 202 276
48 132 211 285
48 140 219 293
49 75 152 226
49 83 160 234
49 91 168 242
49 99 176 250
49 107 184 258
49 115 193 267
49 124 202 276
49 133 211 285
49 141 219 293
50 76 152 227
50 84 160 235
50 92 168 243
50 108 184 259
50 116 193 268
50 125 202 277
50 134 211 286
50 142 219 294
51 77 152 227
51 85 160 235
51 93 168 243
51 100 176 251
51 109 184 259
51 117 193 268
51 126 202 277
51 135 211 286
51 143 219 294
52 78 152 227
52 94 168 243
52 101 176 251
52 110 184 259
52 118 193 268
52 127 202 277
52 136 211 286
52 144 219 294
53 86 160 236
53 102 176 252
53 111 184 260
53 119 193 269
53 128 202 278
53 137 211 287
53 145 219 295
54 79 152 228
54 87 160 236
54 95 168 244
54 103 176 252
54 112 184 260
54 120 193 269
54 129 202 278
54 138 211 287
54 146 219 295
55 80 152 228
55 88 160 236
55 96 168 244
55 104 176 252
55 121 193 269
55 130 202 278
55 139 211 287
55 147 219 295
56 81 161 234
56 89 169 242
56 97 177 250
56 105 185 258
56 113 194 267
56 122 203 276
56 131 212 285
57 74 153 226
57 82 161 234
57 90 169 242
57 98 177 250
57 106 185 258
57 114 194 267
57 123 203 276
57 132 212 285
57 140 220 293
58 75 153 226
58 83 161 234
58 91 169 242
58 99 177 250
58 107 185 258
58 115 194 267
58 124 203 276
58 133 212 285
58 141 220 293
59 76 153 227
59 84 161 235
59 92 169 243
59 108 185 259
59 116 194 268
59 125 203 277
59 134 212 286
59 142 220 294
60 77 153 227
60 85 161 235
60 93 169 243
60 100 177 251
60 109 185 259
60 117 194 268
60 126 203 277
60 135 212 286
60 143 220 294
61 78 153 227
61 94 169 243
61 101 177 251
61 110 185 259
61 118 194 268
61 127 203 277
61 136 212 286
61 144 220 294
62 86 161 236
62 102 177 252
62 111 185 260
62 119 194 269
62 128 203 278
62 137 212 287
62 145 220 295
63 79 153 228
63 87 161 236
63 95 169 244
63 103 177 252
63 112 185 260
63 120 194 269
63 129 203 278
63 138 212 287
63 146 220 295
64 80 153 228
64 88 161 236
64 96 169 244
64 104 177 252
64 121 194 269
64 130 203 278
64 139 212 287
64 147 220 295
65 81 162 234
65 89 170 242
65 97 178 250
65 105 186 258
65 113 195 267
65 122 204 276
65 131 213 285
66 74 154 226
66 82 162 234
66 90 170 242
66 98 178 250
66 106 186 258
66 114 195 267
66 123 204 276
66 132 213 285
66 140 221 293
67 75 154 226
67 83 162 234
67 91 170 242
67 99 178 250
67 107 186 258
67 115 195 267
67 124 204 276
67 133 213 285
67 141 221 293
68 76 154 227
68 84 162 235
68 92 170 243
68 108 186 259
68 116 195 268
68 125 204 277
68 134 213 286
68 142 221 294
69 77 154 227
69 85 162 235
69 93 170 243
69 100 178 251
69 109 186 259
69 117 195 268
69 126 204 277
69 135 213 286
69 143 221 294
70 78 154 227
70 94 170 243
70 101 178 251
70 110 186 259
70 118 195 268
70 127 204 277
70 136 213 286
70 144 221 294
71 86 162 236
71 102 178 252
71 111 186 260
71 119 195 269
71 128 204 278
71 137 213 287
71 145 221 295
72 79 154 228
72 87 162 236
72 95 170 244
72 103 178 252
72 112 186 260
72 120 195 269
72 129 204 278
72 138 213 287
72 146 221 295
73 80 154 228
73 88 162 236
73 96 170 244
73 104 178 252
73 121 195 269
73 130 204 278
73 139 213 287
73 147 221 295