204 0 161
c1l1
c2l1
c4l1
c6l1
c7l1
c8l1
c9l1
c4l2
c5l2
c6l2
c7l2
c9l2
c2l3
c5l3
c6l3
c8l3
c9l3
c2l4
c3l4
c4l4
c6l4
c7l4
c8l4
c1l5
c3l5
c5l5
c6l5
c7l5
c1l6
c4l6
c5l6
c7l6
c9l6
c1l7
c2l7
c3l7
c6l7
c8l7
c1l8
c2l8
c3l8
c5l8
c6l8
c7l8
c8l8
c3l9
c4l9
c5l9
c7l9
c8l9
c9l9
c1n1
c3n1
c4n1
c6n1
c7n1
c8n1
c9n1
c3n2
c5n2
c6n2
c7n2
c8n2
c5n3
c6n3
c2n4
c3n4
c4n4
c5n4
c8n4
c9n4
c2n5
c5n5
c6n5
c7n5
c8n5
c9n5
c1n6
c2n6
c4n6
c6n6
c7n6
c9n6
c1n7
c3n7
c4n7
c5n7
c7n7
c8n7
c9n7
c1n8
c2n8
c4n8
c6n8
c7n8
c8n8
c1n9
c2n9
c3n9
c5n9
c6n9
c7n9
l3n1
l4n1
l5n1
l6n1
l7n1
l8n1
l9n1
l1n2
l2n2
l4n2
l6n2
l8n2
l2n3
l4n3
l1n4
l3n4
l4n4
l5n4
l8n4
l9n4
l1n5
l5n5
l6n5
l7n5
l8n5
l9n5
l1n6
l2n6
l4n6
l5n6
l8n6
l9n6
l1n7
l2n7
l3n7
l4n7
l6n7
l7n7
l8n7
l1n8
l2n8
l3n8
l5n8
l7n8
l9n8
l1n9
l3n9
l6n9
l7n9
l8n9
l9n9
b2n1
b3n1
b4n1
b5n1
b6n1
b7n1
b8n1
b1n2
b2n2
b3n2
b4n2
b8n2
b1n3
b4n3
b1n4
b2n4
b3n4
b5n4
b6n4
b7n4
b2n5
b4n5
b5n5
b6n5
b7n5
b8n5
b1n6
b2n6
b3n6
b4n6
b6n6
b8n6
b0n7
b1n7
b2n7
b4n7
b5n7
b6n7
b8n7
b0n8
b1n8
b2n8
b5n8
b6n8
b7n8
b0n9
b1n9
b3n9
b6n9
b7n9
b8n9
0 83 134 185
0 90 141 192
0 96 147 198
1 91 141 192
1 97 147 198
2 67 116 167
2 79 128 179
2 85 134 186
2 92 141 193
3 60 109 160
3 80 128 179
3 93 141 193
3 100 147 199
4 61 109 161
4 74 122 173
4 81 128 180
4 87 134 187
4 94 141 194
5 62 109 161
5 69 116 168
5 75 122 173
5 88 134 187
5 95 141 194
6 70 116 168
6 76 122 173
6 82 128 180
6 89 134 187
7 79 129 179
7 85 135 186
7 92 142 193
8 59 110 160
8 63 114 165
8 86 135 186
9 60 110 160
9 64 114 165
9 80 129 179
9 93 142 193
10 61 110 161
10 81 129 180
10 87 135 187
10 94 142 194
11 82 129 180
11 89 135 187
12 91 143 192
12 97 148 198
13 68 117 167
13 86 136 186
13 99 148 199
14 93 143 193
14 100 148 199
15 56 102 153
15 69 117 168
15 88 136 187
15 95 143 194
16 57 102 153
16 70 117 168
16 89 136 187
17 65 118 169
17 78 130 181
18 52 103 154
18 58 111 162
18 66 118 169
19 53 103 155
19 79 130 182
19 85 137 188
20 54 103 155
20 60 111 163
20 64 115 166
20 80 130 182
21 55 103 156
21 87 137 189
22 56 103 156
22 69 118 170
22 88 137 189
23 51 104 154
23 77 131 181
24 52 104 154
24 66 119 169
25 72 123 174
26 54 104 155
26 73 123 174
26 80 131 182
27 55 104 156
27 74 123 175
27 94 144 195
28 51 105 154
28 96 149 200
29 53 105 155
29 85 138 188
30 59 112 163
30 72 124 174
30 86 138 188
31 55 105 156
31 74 124 175
31 87 138 189
32 57 105 156
32 76 124 175
32 89 138 189
33 51 106 157
33 83 139 190
33 90 145 196
33 96 150 201
34 71 125 176
34 91 145 196
34 97 150 201
35 52 106 157
35 84 139 190
35 98 150 201
36 54 106 158
36 73 125 177
36 93 145 197
36 100 150 202
37 56 106 159
37 75 125 178
37 88 139 191
38 51 107 157
38 77 132 183
38 83 140 190
38 96 151 201
39 65 120 171
39 71 126 176
39 78 132 183
39 97 151 201
40 52 107 157
40 66 120 171
40 84 140 190
40 98 151 201
41 68 120 172
41 72 126 177
41 99 151 202
42 54 107 158
42 73 126 177
42 100 151 202
43 55 107 159
43 61 113 164
43 74 126 178
43 81 132 184
43 87 140 191
43 101 151 203
44 56 107 159
44 62 113 164
44 75 126 178
44 88 140 191
45 52 108 157
45 66 121 171
45 98 152 201
46 53 108 158
46 67 121 172
46 92 146 197
47 68 121 172
47 72 127 177
47 99 152 202
48 55 108 159
48 74 127 178
48 81 133 184
48 101 152 203
49 56 108 159
49 75 127 178
50 57 108 159
50 76 127 178
50 82 133 184