268 0 371
c1l1
c2l1
c3l1
c4l1
c5l1
c6l1
c8l1
c9l1
c2l2
c3l2
c5l2
c6l2
c7l2
c8l2
c9l2
c1l3
c2l3
c3l3
c4l3
c5l3
c6l3
c8l3
c2l4
c3l4
c4l4
c5l4
c6l4
c7l4
c8l4
c9l4
c1l5
c2l5
c3l5
c4l5
c5l5
c8l5
c9l5
c1l6
c2l6
c3l6
c4l6
c7l6
c8l6
c9l6
c1l7
c3l7
c5l7
c6l7
c7l7
c8l7
c9l7
c1l8
c2l8
c3l8
c5l8
c6l8
c7l8
c9l8
c1l9
c2l9
c3l9
c4l9
c5l9
c6l9
c7l9
c8l9
c9l9
c2n1
c3n1
c4n1
c5n1
c6n1
c8n1
c9n1
c1n2
c2n2
c3n2
c4n2
c5n2
c7n2
c8n2
c9n2
c1n3
c2n3
c3n3
c4n3
c5n3
c8n3
c9n3
c1n4
c2n4
c3n4
c5n4
c6n4
c7n4
c8n4
c9n4
c1n5
c3n5
c4n5
c6n5
c7n5
c8n5
c1n6
c2n6
c3n6
c4n6
c5n6
c6n6
c8n6
c9n6
c1n7
c2n7
c3n7
c4n7
c5n7
c6n7
c7n7
c9n7
c1n8
c2n8
c3n8
c5n8
c6n8
c7n8
c8n8
c9n8
c2n9
c3n9
c5n9
c6n9
c7n9
c8n9
c9n9
l1n1
l4n1
l5n1
l6n1
l7n1
l8n1
l9n1
l1n2
l2n2
l3n2
l4n2
l6n2
l7n2
l8n2
l9n2
l2n3
l3n3
l4n3
l5n3
l7n3
l8n3
l9n3
l1n4
l3n4
l4n4
l5n4
l6n4
l7n4
l8n4
l9n4
l1n5
l2n5
l4n5
l5n5
l8n5
l9n5
l1n6
l2n6
l3n6
l4n6
l6n6
l7n6
l8n6
l9n6
l1n7
l2n7
l3n7
l4n7
l5n7
l6n7
l7n7
l9n7
l1n8
l2n8
l3n8
l4n8
l5n8
l6n8
l8n8
l9n8
l1n9
l2n9
l3n9
l5n9
l6n9
l7n9
l9n9
b1n1
b3n1
b4n1
b5n1
b6n1
b7n1
b8n1
b0n2
b1n2
b2n2
b3n2
b5n2
b6n2
b7n2
b8n2
b0n3
b1n3
b3n3
b5n3
b6n3
b7n3
b8n3
b0n4
b2n4
b3n4
b4n4
b5n4
b6n4
b7n4
b8n4
b0n5
b1n5
b3n5
b5n5
b7n5
b8n5
b0n6
b1n6
b2n6
b3n6
b4n6
b6n6
b7n6
b8n6
b0n7
b1n7
b2n7
b3n7
b4n7
b5n7
b6n7
b7n7
b0n8
b1n8
b2n8
b3n8
b4n8
b5n8
b6n8
b8n8
b0n9
b1n9
b2n9
b4n9
b5n9
b6n9
b8n9
0 74 141 208
0 89 156 223
0 97 164 231
0 103 170 237
0 111 178 245
0 119 186 253
1 75 141 208
1 90 156 223
1 104 170 237
1 112 178 245
1 120 186 253
1 127 194 261
2 76 141 208
2 91 156 223
2 98 164 231
2 105 170 237
2 113 178 245
2 121 186 253
2 128 194 261
3 69 134 201
3 77 141 209
3 99 164 232
3 106 170 238
3 114 178 246
4 70 134 201
4 78 141 209
4 107 170 238
4 115 178 246
4 122 186 254
4 129 194 262
5 71 134 201
5 100 164 232
5 108 170 238
5 116 178 246
5 123 186 254
5 130 194 262
6 80 141 210
6 95 156 224
6 109 170 239
6 125 186 255
6 132 194 263
7 81 141 210
7 96 156 224
7 110 170 239
7 118 178 247
7 126 186 255
7 133 194 263
8 75 142 208
8 83 149 216
8 104 171 237
8 112 179 245
8 120 187 253
8 127 195 261
9 76 142 208
9 84 149 216
9 98 165 231
9 105 171 237
9 113 179 245
9 121 187 253
9 128 195 261
10 78 142 209
10 86 149 217
10 107 171 238
10 115 179 246
10 122 187 254
10 129 195 262
11 100 165 232
11 108 171 238
11 116 179 246
11 123 187 254
11 130 195 262
12 79 142 210
12 117 179 247
12 124 187 255
12 131 195 263
13 80 142 210
13 109 171 239
13 125 187 255
13 132 195 263
14 81 142 210
14 110 171 239
14 118 179 247
14 126 187 255
14 133 195 263
15 74 143 208
15 82 150 216
15 89 157 223
15 103 172 237
15 111 180 245
15 119 188 253
16 75 143 208
16 83 150 216
16 90 157 223
16 104 172 237
16 112 180 245
16 120 188 253
16 127 196 261
17 76 143 208
17 84 150 216
17 91 157 223
17 105 172 237
17 113 180 245
17 121 188 253
17 128 196 261
18 77 143 209
18 85 150 217
18 106 172 238
18 114 180 246
19 78 143 209
19 86 150 217
19 107 172 238
19 115 180 246
19 122 188 254
19 129 196 262
20 108 172 238
20 116 180 246
20 123 188 254
20 130 196 262
21 80 143 210
21 95 157 224
21 109 172 239
21 125 188 255
21 132 196 263
22 67 135 202
22 75 144 211
22 83 151 218
22 90 158 225
22 104 173 240
22 112 181 248
22 120 189 256
23 68 135 202
23 76 144 211
23 84 151 218
23 91 158 225
23 98 166 233
23 105 173 240
23 113 181 248
23 121 189 256
24 69 135 203
24 106 173 241
24 114 181 249
25 70 135 203
25 92 158 226
25 107 173 241
25 115 181 249
25 122 189 257
26 71 135 203
26 93 158 226
26 108 173 241
26 116 181 249
26 123 189 257
27 79 144 212
27 94 158 227
27 101 166 234
27 117 181 250
27 124 189 258
28 72 135 204
28 80 144 212
28 87 151 219
28 95 158 227
28 102 166 234
28 125 189 258
29 73 135 204
29 81 144 212
29 88 151 219
29 96 158 227
29 118 181 250
29 126 189 258
30 82 152 218
30 89 159 225
30 97 167 233
30 111 182 248
30 119 190 256
31 67 136 202
31 83 152 218
31 90 159 225
31 112 182 248
31 120 190 256
32 68 136 202
32 84 152 218
32 91 159 225
32 98 167 233
32 113 182 248
32 121 190 256
33 69 136 203
33 114 182 249
34 70 136 203
34 92 159 226
34 115 182 249
34 122 190 257
34 129 197 264
35 72 136 204
35 87 152 219
35 95 159 227
35 102 167 234
35 125 190 258
35 132 197 265
36 73 136 204
36 88 152 219
36 96 159 227
36 118 182 250
36 126 190 258
36 133 197 265
37 74 145 211
37 89 160 225
37 103 174 240
37 111 183 248
37 119 191 256
38 67 137 202
38 75 145 211
38 90 160 225
38 104 174 240
38 112 183 248
38 120 191 256
39 68 137 202
39 76 145 211
39 91 160 225
39 105 174 240
39 113 183 248
39 121 191 256
40 69 137 203
40 106 174 241
40 114 183 249
41 79 145 212
41 94 160 227
41 117 183 250
41 124 191 258
41 131 198 265
42 72 137 204
42 80 145 212
42 95 160 227
42 125 191 258
42 132 198 265
43 73 137 204
43 81 145 212
43 96 160 227
43 118 183 250
43 126 191 258
43 133 198 265
44 74 146 213
44 82 153 220
44 89 161 228
44 103 175 242
44 111 184 251
45 68 138 205
45 76 146 213
45 84 153 220
45 91 161 228
45 105 175 242
45 113 184 251
45 128 199 266
46 70 138 206
46 78 146 214
46 86 153 221
46 92 161 229
46 107 175 243
46 115 184 252
47 71 138 206
47 93 161 229
47 108 175 243
47 116 184 252
48 79 146 215
48 94 161 230
48 131 199 267
49 72 138 207
49 80 146 215
49 87 153 222
49 95 161 230
49 109 175 244
49 132 199 267
50 73 138 207
50 81 146 215
50 88 153 222
50 96 161 230
50 110 175 244
50 133 199 267
51 74 147 213
51 82 154 220
51 89 162 228
51 103 176 242
51 119 192 259
52 67 139 205
52 75 147 213
52 83 154 220
52 90 162 228
52 104 176 242
52 120 192 259
53 68 139 205
53 76 147 213
53 84 154 220
53 91 162 228
53 105 176 242
53 121 192 259
54 70 139 206
54 78 147 214
54 86 154 221
54 92 162 229
54 107 176 243
55 71 139 206
55 93 162 229
55 100 168 235
55 108 176 243
56 79 147 215
56 94 162 230
56 101 168 236
56 124 192 260
57 73 139 207
57 81 147 215
57 88 154 222
57 96 162 230
57 110 176 244
57 126 192 260
58 74 148 213
58 82 155 220
58 89 163 228
58 103 177 242
58 111 185 251
58 119 193 259
59 67 140 205
59 75 148 213
59 83 155 220
59 90 163 228
59 104 177 242
59 112 185 251
59 120 193 259
59 127 200 266
60 68 140 205
60 76 148 213
60 84 155 220
60 91 163 228
60 105 177 242
60 113 185 251
60 121 193 259
60 128 200 266
61 69 140 206
61 77 148 214
61 85 155 221
61 99 169 235
61 106 177 243
61 114 185 252
62 70 140 206
62 78 148 214
62 86 155 221
62 92 163 229
62 107 177 243
62 115 185 252
63 71 140 206
63 93 163 229
63 100 169 235
63 108 177 243
63 116 185 252
64 79 148 215
64 94 163 230
64 101 169 236
64 124 193 260
64 131 200 267
65 72 140 207
65 80 148 215
65 87 155 222
65 95 163 230
65 102 169 236
65 109 177 244
65 125 193 260
65 132 200 267
66 73 140 207
66 81 148 215
66 88 155 222
66 96 163 230
66 110 177 244
66 126 193 260
66 133 200 267