292 0 519
c1l1
c2l1
c3l1
c4l1
c5l1
c6l1
c8l1
c9l1
c2l2
c3l2
c5l2
c6l2
c7l2
c8l2
c9l2
c1l3
c2l3
c3l3
c4l3
c5l3
c6l3
c8l3
c2l4
c3l4
c4l4
c5l4
c6l4
c7l4
c8l4
c9l4
c1l5
c2l5
c3l5
c4l5
c5l5
c8l5
c9l5
c1l6
c2l6
c3l6
c4l6
c5l6
c6l6
c7l6
c8l6
c9l6
c1l7
c2l7
c3l7
c4l7
c5l7
c6l7
c7l7
c8l7
c9l7
c1l8
c2l8
c3l8
c4l8
c5l8
c6l8
c7l8
c8l8
c9l8
c1l9
c2l9
c3l9
c4l9
c5l9
c6l9
c7l9
c8l9
c9l9
c2n1
c3n1
c4n1
c5n1
c6n1
c8n1
c9n1
c1n2
c2n2
c3n2
c4n2
c5n2
c7n2
c8n2
c9n2
c1n3
c2n3
c3n3
c4n3
c5n3
c6n3
c8n3
c9n3
c1n4
c2n4
c3n4
c5n4
c6n4
c7n4
c8n4
c9n4
c1n5
c2n5
c3n5
c4n5
c5n5
c6n5
c7n5
c8n5
c1n6
c2n6
c3n6
c4n6
c5n6
c6n6
c8n6
c9n6
c1n7
c2n7
c3n7
c4n7
c5n7
c6n7
c7n7
c8n7
c9n7
c1n8
c2n8
c3n8
c4n8
c5n8
c6n8
c7n8
c8n8
c9n8
c2n9
c3n9
c4n9
c5n9
c6n9
c7n9
c8n9
c9n9
l1n1
l4n1
l5n1
l6n1
l7n1
l8n1
l9n1
l1n2
l2n2
l3n2
l4n2
l6n2
l7n2
l8n2
l9n2
l2n3
l3n3
l4n3
l5n3
l6n3
l7n3
l8n3
l9n3
l1n4
l3n4
l4n4
l5n4
l6n4
l7n4
l8n4
l9n4
l1n5
l2n5
l4n5
l5n5
l6n5
l7n5
l8n5
l9n5
l1n6
l2n6
l3n6
l4n6
l6n6
l7n6
l8n6
l9n6
l1n7
l2n7
l3n7
l4n7
l5n7
l6n7
l7n7
l8n7
l9n7
l1n8
l2n8
l3n8
l4n8
l5n8
l6n8
l7n8
l8n8
l9n8
l1n9
l2n9
l3n9
l5n9
l6n9
l7n9
l8n9
l9n9
b1n1
b3n1
b4n1
b5n1
b6n1
b7n1
b8n1
b0n2
b1n2
b2n2
b3n2
b5n2
b6n2
b7n2
b8n2
b0n3
b1n3
b3n3
b4n3
b5n3
b6n3
b7n3
b8n3
b0n4
b2n4
b3n4
b4n4
b5n4
b6n4
b7n4
b8n4
b0n5
b1n5
b3n5
b4n5
b5n5
b6n5
b7n5
b8n5
b0n6
b1n6
b2n6
b3n6
b4n6
b6n6
b7n6
b8n6
b0n7
b1n7
b2n7
b3n7
b4n7
b5n7
b6n7
b7n7
b8n7
b0n8
b1n8
b2n8
b3n8
b4n8
b5n8
b6n8
b7n8
b8n8
b0n9
b1n9
b2n9
b4n9
b5n9
b6n9
b7n9
b8n9
0 80 153 226
0 96 169 242
0 104 177 250
0 112 185 258
0 120 193 266
0 129 202 275
1 81 153 226
1 97 169 242
1 105 177 250
1 113 185 258
1 121 193 266
1 130 202 275
1 138 211 284
2 82 153 226
2 98 169 242
2 106 177 250
2 114 185 258
2 122 193 266
2 131 202 275
2 139 211 284
3 75 146 219
3 83 153 227
3 107 177 251
3 115 185 259
3 123 193 267
3 132 202 276
3 140 211 285
4 76 146 219
4 84 153 227
4 108 177 251
4 116 185 259
4 124 193 267
4 133 202 276
4 141 211 285
5 77 146 219
5 109 177 251
5 117 185 259
5 125 193 267
5 134 202 276
5 142 211 285
6 86 153 228
6 102 169 243
6 118 185 260
6 127 193 268
6 136 202 277
6 144 211 286
7 87 153 228
7 103 169 243
7 119 185 260
7 128 193 268
7 137 202 277
7 145 211 286
8 81 154 226
8 89 161 234
8 105 178 250
8 113 186 258
8 121 194 266
8 130 203 275
8 138 212 284
9 82 154 226
9 90 161 234
9 106 178 250
9 114 186 258
9 122 194 266
9 131 203 275
9 139 212 284
10 84 154 227
10 92 161 235
10 108 178 251
10 116 186 259
10 124 194 267
10 133 203 276
10 141 212 285
11 93 161 235
11 109 178 251
11 117 186 259
11 125 194 267
11 134 203 276
11 142 212 285
12 85 154 228
12 126 194 268
12 135 203 277
12 143 212 286
13 86 154 228
13 118 186 260
13 127 194 268
13 136 203 277
13 144 212 286
14 87 154 228
14 119 186 260
14 128 194 268
14 137 203 277
14 145 212 286
15 80 155 226
15 88 162 234
15 96 170 242
15 112 187 258
15 120 195 266
15 129 204 275
16 81 155 226
16 89 162 234
16 97 170 242
16 113 187 258
16 121 195 266
16 130 204 275
16 138 213 284
17 82 155 226
17 90 162 234
17 98 170 242
17 114 187 258
17 122 195 266
17 131 204 275
17 139 213 284
18 83 155 227
18 91 162 235
18 115 187 259
18 123 195 267
18 132 204 276
18 140 213 285
19 84 155 227
19 92 162 235
19 116 187 259
19 124 195 267
19 133 204 276
19 141 213 285
20 93 162 235
20 117 187 259
20 125 195 267
20 134 204 276
20 142 213 285
21 86 155 228
21 102 170 243
21 118 187 260
21 127 195 268
21 136 204 277
21 144 213 286
22 73 147 220
22 81 156 229
22 89 163 236
22 97 171 244
22 105 179 252
22 113 188 261
22 121 196 269
22 130 205 278
23 74 147 220
23 82 156 229
23 90 163 236
23 98 171 244
23 106 179 252
23 114 188 261
23 122 196 269
23 131 205 278
24 75 147 221
24 91 163 237
24 107 179 253
24 115 188 262
24 123 196 270
24 132 205 279
25 76 147 221
25 92 163 237
25 99 171 245
25 108 179 253
25 116 188 262
25 124 196 270
25 133 205 279
26 77 147 221
26 93 163 237
26 100 171 245
26 109 179 253
26 117 188 262
26 125 196 270
26 134 205 279
27 85 156 230
27 101 171 246
27 110 179 254
27 126 196 271
27 135 205 280
28 78 147 222
28 86 156 230
28 94 163 238
28 102 171 246
28 111 179 254
28 127 196 271
28 136 205 280
29 79 147 222
29 87 156 230
29 95 163 238
29 103 171 246
29 128 196 271
29 137 205 280
30 88 164 236
30 96 172 244
30 104 180 252
30 120 197 269
30 129 206 278
31 73 148 220
31 89 164 236
31 97 172 244
31 105 180 252
31 121 197 269
31 130 206 278
32 74 148 220
32 90 164 236
32 98 172 244
32 106 180 252
32 122 197 269
32 131 206 278
33 75 148 221
33 91 164 237
33 107 180 253
33 123 197 270
33 132 206 279
33 140 214 287
34 76 148 221
34 92 164 237
34 99 172 245
34 108 180 253
34 124 197 270
34 133 206 279
34 141 214 287
35 78 148 222
35 94 164 238
35 102 172 246
35 111 180 254
35 127 197 271
35 136 206 280
35 144 214 288
36 79 148 222
36 95 164 238
36 103 172 246
36 128 197 271
36 137 206 280
36 145 214 288
37 80 157 229
37 88 165 236
37 96 173 244
37 104 181 252
37 112 189 261
37 120 198 269
37 129 207 278
38 73 149 220
38 81 157 229
38 89 165 236
38 97 173 244
38 105 181 252
38 113 189 261
38 121 198 269
38 130 207 278
39 74 149 220
39 82 157 229
39 90 165 236
39 98 173 244
39 106 181 252
39 114 189 261
39 122 198 269
39 131 207 278
40 75 149 221
40 91 165 237
40 107 181 253
40 115 189 262
40 123 198 270
40 132 207 279
40 140 215 287
41 76 149 221
41 92 165 237
41 99 173 245
41 108 181 253
41 116 189 262
41 124 198 270
41 133 207 279
41 141 215 287
42 77 149 221
42 93 165 237
42 100 173 245
42 109 181 253
42 117 189 262
42 125 198 270
42 134 207 279
42 142 215 287
43 85 157 230
43 101 173 246
43 110 181 254
43 126 198 271
43 135 207 280
43 143 215 288
44 78 149 222
44 86 157 230
44 94 165 238
44 102 173 246
44 111 181 254
44 127 198 271
44 136 207 280
44 144 215 288
45 79 149 222
45 87 157 230
45 95 165 238
45 103 173 246
45 128 198 271
45 137 207 280
45 145 215 288
46 80 158 231
46 88 166 239
46 96 174 247
46 104 182 255
46 112 190 263
46 120 199 272
46 129 208 281
47 73 150 223
47 81 158 231
47 89 166 239
47 97 174 247
47 105 182 255
47 113 190 263
47 121 199 272
47 130 208 281
47 138 216 289
48 74 150 223
48 82 158 231
48 90 166 239
48 98 174 247
48 106 182 255
48 114 190 263
48 122 199 272
48 131 208 281
48 139 216 289
49 75 150 224
49 83 158 232
49 91 166 240
49 107 182 256
49 115 190 264
49 123 199 273
49 132 208 282
49 140 216 290
50 76 150 224
50 84 158 232
50 92 166 240
50 99 174 248
50 108 182 256
50 116 190 264
50 124 199 273
50 133 208 282
50 141 216 290
51 77 150 224
51 93 166 240
51 100 174 248
51 109 182 256
51 117 190 264
51 125 199 273
51 134 208 282
51 142 216 290
52 85 158 233
52 101 174 249
52 110 182 257
52 126 199 274
52 135 208 283
52 143 216 291
53 78 150 225
53 86 158 233
53 94 166 241
53 102 174 249
53 111 182 257
53 118 190 265
53 127 199 274
53 136 208 283
53 144 216 291
54 79 150 225
54 87 158 233
54 95 166 241
54 103 174 249
54 119 190 265
54 128 199 274
54 137 208 283
54 145 216 291
55 80 159 231
55 88 167 239
55 96 175 247
55 104 183 255
55 112 191 263
55 120 200 272
55 129 209 281
56 73 151 223
56 81 159 231
56 89 167 239
56 97 175 247
56 105 183 255
56 113 191 263
56 121 200 272
56 130 209 281
56 138 217 289
57 74 151 223
57 82 159 231
57 90 167 239
57 98 175 247
57 106 183 255
57 114 191 263
57 122 200 272
57 131 209 281
57 139 217 289
58 75 151 224
58 83 159 232
58 91 167 240
58 107 183 256
58 115 191 264
58 123 200 273
58 132 209 282
58 140 217 290
59 76 151 224
59 84 159 232
59 92 167 240
59 99 175 248
59 108 183 256
59 116 191 264
59 124 200 273
59 133 209 282
59 141 217 290
60 77 151 224
60 93 167 240
60 100 175 248
60 109 183 256
60 117 191 264
60 125 200 273
60 134 209 282
60 142 217 290
61 85 159 233
61 101 175 249
61 110 183 257
61 126 200 274
61 135 209 283
61 143 217 291
62 78 151 225
62 86 159 233
62 94 167 241
62 102 175 249
62 111 183 257
62 118 191 265
62 127 200 274
62 136 209 283
62 144 217 291
63 79 151 225
63 87 159 233
63 95 167 241
63 103 175 249
63 119 191 265
63 128 200 274
63 137 209 283
63 145 217 291
64 80 160 231
64 88 168 239
64 96 176 247
64 104 184 255
64 112 192 263
64 120 201 272
64 129 210 281
65 73 152 223
65 81 160 231
65 89 168 239
65 97 176 247
65 105 184 255
65 113 192 263
65 121 201 272
65 130 210 281
65 138 218 289
66 74 152 223
66 82 160 231
66 90 168 239
66 98 176 247
66 106 184 255
66 114 192 263
66 122 201 272
66 131 210 281
66 139 218 289
67 75 152 224
67 83 160 232
67 91 168 240
67 107 184 256
67 115 192 264
67 123 201 273
67 132 210 282
67 140 218 290
68 76 152 224
68 84 160 232
68 92 168 240
68 99 176 248
68 108 184 256
68 116 192 264
68 124 201 273
68 133 210 282
68 141 218 290
69 77 152 224
69 93 168 240
69 100 176 248
69 109 184 256
69 117 192 264
69 125 201 273
69 134 210 282
69 142 218 290
70 85 160 233
70 101 176 249
70 110 184 257
70 126 201 274
70 135 210 283
70 143 218 291
71 78 152 225
71 86 160 233
71 94 168 241
71 102 176 249
71 111 184 257
71 118 192 265
71 127 201 274
71 136 210 283
71 144 218 291
72 79 152 225
72 87 160 233
72 95 168 241
72 103 176 249
72 119 192 265
72 128 201 274
72 137 210 283
72 145 218 291