280 0 444
c1l1
c3l1
c4l1
c6l1
c7l1
c8l1
c9l1
c1l2
c2l2
c3l2
c5l2
c6l2
c8l2
c9l2
c1l3
c3l3
c4l3
c5l3
c6l3
c7l3
c9l3
c2l4
c3l4
c4l4
c5l4
c6l4
c8l4
c1l5
c2l5
c3l5
c4l5
c7l5
c8l5
c9l5
c1l6
c2l6
c3l6
c4l6
c5l6
c6l6
c7l6
c8l6
c9l6
c1l7
c2l7
c3l7
c4l7
c5l7
c6l7
c7l7
c8l7
c9l7
c1l8
c2l8
c3l8
c4l8
c5l8
c6l8
c7l8
c8l8
c9l8
c1l9
c2l9
c3l9
c4l9
c5l9
c6l9
c7l9
c8l9
c9l9
c1n1
c2n1
c3n1
c4n1
c6n1
c8n1
c9n1
c2n2
c3n2
c4n2
c5n2
c6n2
c7n2
c8n2
c9n2
c1n3
c3n3
c4n3
c6n3
c7n3
c8n3
c9n3
c1n4
c2n4
c3n4
c5n4
c6n4
c7n4
c8n4
c1n5
c3n5
c4n5
c5n5
c7n5
c8n5
c9n5
c1n6
c2n6
c3n6
c4n6
c5n6
c6n6
c8n6
c9n6
c1n7
c2n7
c3n7
c4n7
c5n7
c6n7
c7n7
c8n7
c9n7
c1n8
c2n8
c3n8
c4n8
c5n8
c6n8
c7n8
c8n8
c9n8
c1n9
c2n9
c3n9
c4n9
c5n9
c6n9
c7n9
c9n9
l3n1
l4n1
l5n1
l6n1
l7n1
l8n1
l9n1
l1n2
l2n2
l3n2
l5n2
l6n2
l7n2
l8n2
l9n2
l2n3
l3n3
l4n3
l6n3
l7n3
l8n3
l9n3
l1n4
l3n4
l5n4
l6n4
l7n4
l8n4
l9n4
l1n5
l2n5
l4n5
l6n5
l7n5
l8n5
l9n5
l1n6
l2n6
l3n6
l5n6
l6n6
l7n6
l8n6
l9n6
l1n7
l2n7
l3n7
l4n7
l5n7
l6n7
l7n7
l8n7
l9n7
l1n8
l2n8
l3n8
l4n8
l5n8
l6n8
l7n8
l8n8
l9n8
l1n9
l2n9
l4n9
l5n9
l6n9
l7n9
l8n9
l9n9
b0n1
b3n1
b4n1
b5n1
b6n1
b7n1
b8n1
b0n2
b1n2
b2n2
b4n2
b5n2
b6n2
b7n2
b8n2
b1n3
b2n3
b3n3
b5n3
b6n3
b7n3
b8n3
b0n4
b2n4
b3n4
b4n4
b6n4
b7n4
b8n4
b1n5
b2n5
b3n5
b5n5
b6n5
b7n5
b8n5
b0n6
b1n6
b2n6
b3n6
b4n6
b6n6
b7n6
b8n6
b0n7
b1n7
b2n7
b3n7
b4n7
b5n7
b6n7
b7n7
b8n7
b0n8
b1n8
b2n8
b3n8
b4n8
b5n8
b6n8
b7n8
b8n8
b0n9
b1n9
b3n9
b4n9
b5n9
b6n9
b7n9
b8n9
0 92 162 232
0 106 176 246
0 114 184 254
0 123 193 263
0 132 202 272
1 78 147 217
1 94 162 232
1 108 176 246
1 116 184 254
1 125 193 263
1 134 202 272
2 79 147 218
2 101 169 239
2 109 176 247
2 117 184 255
2 126 193 264
2 135 202 273
3 81 147 218
3 111 176 247
3 119 184 255
3 128 193 264
3 137 202 273
4 82 147 219
4 97 162 233
4 103 169 240
4 120 184 256
4 129 193 265
5 83 147 219
5 98 162 233
5 104 169 240
5 112 176 248
5 121 184 256
5 130 193 265
6 84 147 219
6 105 169 240
6 113 176 248
6 122 184 256
6 131 193 265
7 106 177 246
7 114 185 254
7 123 194 263
7 132 203 272
8 77 148 217
8 107 177 246
8 115 185 254
8 124 194 263
8 133 203 272
9 78 148 217
9 108 177 246
9 116 185 254
9 125 194 263
9 134 203 272
10 80 148 218
10 102 170 239
10 110 177 247
10 118 185 255
10 127 194 264
10 136 203 273
11 81 148 218
11 88 155 225
11 111 177 247
11 119 185 255
11 128 194 264
11 137 203 273
12 83 148 219
12 90 155 226
12 104 170 240
12 112 177 248
12 121 185 256
12 130 194 265
13 84 148 219
13 91 155 226
13 105 170 240
13 113 177 248
13 122 185 256
13 131 194 265
14 70 140 210
14 92 163 232
14 106 178 246
14 114 186 254
14 123 195 263
15 72 140 210
15 78 149 217
15 94 163 232
15 108 178 246
15 116 186 254
15 125 195 263
16 79 149 218
16 87 156 225
16 109 178 247
16 117 186 255
16 126 195 264
17 80 149 218
17 110 178 247
17 118 186 255
17 127 195 264
18 81 149 218
18 88 156 225
18 111 178 247
18 119 186 255
18 128 195 264
19 82 149 219
19 89 156 226
19 97 163 233
19 120 186 256
19 129 195 265
20 84 149 219
20 91 156 226
20 113 178 248
20 122 186 256
20 131 195 265
21 71 141 211
21 115 187 257
21 124 196 266
21 133 204 274
22 72 141 211
22 86 157 227
22 100 171 241
22 116 187 257
22 125 196 266
22 134 204 274
23 73 141 212
23 117 187 258
23 126 196 267
23 135 204 275
24 118 187 258
24 127 196 267
24 136 204 275
25 74 141 212
25 119 187 258
25 128 196 267
25 137 204 275
26 75 141 213
26 90 157 228
26 104 171 242
26 121 187 259
26 130 196 268
27 70 142 211
27 92 164 234
27 106 179 249
27 114 188 257
27 123 197 266
27 132 205 274
28 71 142 211
28 93 164 234
28 107 179 249
28 115 188 257
28 124 197 266
28 133 205 274
29 72 142 211
29 94 164 234
29 108 179 249
29 116 188 257
29 125 197 266
29 134 205 274
30 73 142 212
30 79 150 220
30 109 179 250
30 117 188 258
30 126 197 267
30 135 205 275
31 82 150 221
31 120 188 259
31 129 197 268
31 138 205 276
32 75 142 213
32 83 150 221
32 121 188 259
32 130 197 268
33 76 142 213
33 84 150 221
33 122 188 259
33 131 197 268
33 139 205 276
34 70 143 211
34 85 158 227
34 92 165 234
34 99 172 241
34 106 180 249
34 114 189 257
34 123 198 266
34 132 206 274
35 71 143 211
35 93 165 234
35 107 180 249
35 115 189 257
35 124 198 266
35 133 206 274
36 72 143 211
36 86 158 227
36 94 165 234
36 100 172 241
36 108 180 249
36 116 189 257
36 125 198 266
36 134 206 274
37 73 143 212
37 79 151 220
37 109 180 250
37 117 189 258
37 126 198 267
37 135 206 275
38 80 151 220
38 95 165 235
38 110 180 250
38 118 189 258
38 127 198 267
38 136 206 275
39 74 143 212
39 81 151 220
39 96 165 235
39 111 180 250
39 119 189 258
39 128 198 267
39 137 206 275
40 82 151 221
40 89 158 228
40 103 172 242
40 120 189 259
40 129 198 268
40 138 206 276
41 75 143 213
41 83 151 221
41 90 158 228
41 104 172 242
41 121 189 259
41 130 198 268
42 76 143 213
42 84 151 221
42 91 158 228
42 105 172 242
42 122 189 259
42 131 198 268
42 139 206 276
43 70 144 214
43 85 159 229
43 92 166 236
43 99 173 243
43 106 181 251
43 114 190 260
43 123 199 269
43 132 207 277
44 71 144 214
44 77 152 222
44 93 166 236
44 107 181 251
44 115 190 260
44 124 199 269
44 133 207 277
45 72 144 214
45 78 152 222
45 86 159 229
45 94 166 236
45 100 173 243
45 108 181 251
45 116 190 260
45 125 199 269
45 134 207 277
46 73 144 215
46 79 152 223
46 87 159 230
46 101 173 244
46 109 181 252
46 117 190 261
46 126 199 270
46 135 207 278
47 80 152 223
47 95 166 237
47 102 173 244
47 110 181 252
47 118 190 261
47 127 199 270
47 136 207 278
48 74 144 215
48 81 152 223
48 88 159 230
48 96 166 237
48 111 181 252
48 119 190 261
48 128 199 270
48 137 207 278
49 82 152 224
49 89 159 231
49 97 166 238
49 103 173 245
49 120 190 262
49 129 199 271
49 138 207 279
50 75 144 216
50 83 152 224
50 90 159 231
50 98 166 238
50 104 173 245
50 112 181 253
50 121 190 262
50 130 199 271
51 76 144 216
51 84 152 224
51 91 159 231
51 105 173 245
51 113 181 253
51 122 190 262
51 131 199 271
51 139 207 279
52 70 145 214
52 85 160 229
52 92 167 236
52 99 174 243
52 106 182 251
52 114 191 260
52 123 200 269
52 132 208 277
53 71 145 214
53 77 153 222
53 93 167 236
53 107 182 251
53 115 191 260
53 124 200 269
53 133 208 277
54 72 145 214
54 78 153 222
54 86 160 229
54 94 167 236
54 100 174 243
54 108 182 251
54 116 191 260
54 125 200 269
54 134 208 277
55 73 145 215
55 79 153 223
55 87 160 230
55 101 174 244
55 109 182 252
55 117 191 261
55 126 200 270
55 135 208 278
56 80 153 223
56 95 167 237
56 102 174 244
56 110 182 252
56 118 191 261
56 127 200 270
56 136 208 278
57 74 145 215
57 81 153 223
57 88 160 230
57 96 167 237
57 111 182 252
57 119 191 261
57 128 200 270
57 137 208 278
58 82 153 224
58 89 160 231
58 97 167 238
58 103 174 245
58 120 191 262
58 129 200 271
58 138 208 279
59 75 145 216
59 83 153 224
59 90 160 231
59 98 167 238
59 104 174 245
59 112 182 253
59 121 191 262
59 130 200 271
60 76 145 216
60 84 153 224
60 91 160 231
60 105 174 245
60 113 182 253
60 122 191 262
60 131 200 271
60 139 208 279
61 70 146 214
61 85 161 229
61 92 168 236
61 99 175 243
61 106 183 251
61 114 192 260
61 123 201 269
61 132 209 277
62 71 146 214
62 77 154 222
62 93 168 236
62 107 183 251
62 115 192 260
62 124 201 269
62 133 209 277
63 72 146 214
63 78 154 222
63 86 161 229
63 94 168 236
63 100 175 243
63 108 183 251
63 116 192 260
63 125 201 269
63 134 209 277
64 73 146 215
64 79 154 223
64 87 161 230
64 101 175 244
64 109 183 252
64 117 192 261
64 126 201 270
64 135 209 278
65 80 154 223
65 95 168 237
65 102 175 244
65 110 183 252
65 118 192 261
65 127 201 270
65 136 209 278
66 74 146 215
66 81 154 223
66 88 161 230
66 96 168 237
66 111 183 252
66 119 192 261
66 128 201 270
66 137 209 278
67 82 154 224
67 89 161 231
67 97 168 238
67 103 175 245
67 120 192 262
67 129 201 271
67 138 209 279
68 75 146 216
68 83 154 224
68 90 161 231
68 98 168 238
68 104 175 245
68 112 183 253
68 121 192 262
68 130 201 271
69 76 146 216
69 84 154 224
69 91 161 231
69 105 175 245
69 113 183 253
69 122 192 262
69 131 201 271
69 139 209 279