296 0 559
c1l1
c2l1
c4l1
c6l1
c7l1
c8l1
c9l1
c4l2
c5l2
c6l2
c7l2
c9l2
c2l3
c3l3
c4l3
c5l3
c6l3
c7l3
c8l3
c9l3
c1l4
c2l4
c3l4
c4l4
c5l4
c6l4
c7l4
c8l4
c9l4
c1l5
c2l5
c3l5
c4l5
c5l5
c6l5
c7l5
c8l5
c9l5
c1l6
c2l6
c3l6
c4l6
c5l6
c6l6
c7l6
c8l6
c9l6
c1l7
c2l7
c3l7
c4l7
c5l7
c6l7
c7l7
c8l7
c9l7
c1l8
c2l8
c3l8
c4l8
c5l8
c6l8
c7l8
c8l8
c9l8
c1l9
c2l9
c3l9
c4l9
c5l9
c6l9
c7l9
c8l9
c9l9
c1n1
c3n1
c4n1
c6n1
c7n1
c8n1
c9n1
c2n2
c3n2
c4n2
c5n2
c6n2
c7n2
c8n2
c9n2
c1n3
c2n3
c4n3
c5n3
c6n3
c7n3
c8n3
c9n3
c2n4
c3n4
c4n4
c5n4
c6n4
c7n4
c8n4
c9n4
c1n5
c2n5
c4n5
c5n5
c6n5
c7n5
c8n5
c9n5
c1n6
c2n6
c3n6
c4n6
c5n6
c6n6
c7n6
c8n6
c9n6
c1n7
c2n7
c3n7
c4n7
c5n7
c6n7
c7n7
c8n7
c9n7
c1n8
c2n8
c3n8
c4n8
c5n8
c6n8
c7n8
c8n8
c9n8
c1n9
c2n9
c3n9
c4n9
c5n9
c6n9
c7n9
c9n9
l3n1
l4n1
l5n1
l6n1
l7n1
l8n1
l9n1
l1n2
l2n2
l4n2
l5n2
l6n2
l7n2
l8n2
l9n2
l2n3
l3n3
l4n3
l5n3
l6n3
l7n3
l8n3
l9n3
l1n4
l3n4
l4n4
l5n4
l6n4
l7n4
l8n4
l9n4
l1n5
l3n5
l4n5
l5n5
l6n5
l7n5
l8n5
l9n5
l1n6
l2n6
l3n6
l4n6
l5n6
l6n6
l7n6
l8n6
l9n6
l1n7
l2n7
l3n7
l4n7
l5n7
l6n7
l7n7
l8n7
l9n7
l1n8
l2n8
l3n8
l4n8
l5n8
l6n8
l7n8
l8n8
l9n8
l1n9
l3n9
l4n9
l5n9
l6n9
l7n9
l8n9
l9n9
b2n1
b3n1
b4n1
b5n1
b6n1
b7n1
b8n1
b1n2
b2n2
b3n2
b4n2
b5n2
b6n2
b7n2
b8n2
b1n3
b2n3
b3n3
b4n3
b5n3
b6n3
b7n3
b8n3
b1n4
b2n4
b3n4
b4n4
b5n4
b6n4
b7n4
b8n4
b1n5
b2n5
b3n5
b4n5
b5n5
b6n5
b7n5
b8n5
b0n6
b1n6
b2n6
b3n6
b4n6
b5n6
b6n6
b7n6
b8n6
b0n7
b1n7
b2n7
b3n7
b4n7
b5n7
b6n7
b7n7
b8n7
b0n8
b1n8
b2n8
b3n8
b4n8
b5n8
b6n8
b7n8
b8n8
b0n9
b1n9
b3n9
b4n9
b5n9
b6n9
b7n9
b8n9
0 113 187 261
0 122 196 270
0 131 205 279
0 140 214 288
1 114 187 261
1 123 196 270
1 132 205 279
1 141 214 288
2 83 155 229
2 99 171 245
2 107 179 253
2 116 187 262
2 125 196 271
2 134 205 280
2 143 214 289
3 85 155 229
3 101 171 245
3 109 179 253
3 118 187 262
3 127 196 271
3 136 205 280
3 145 214 289
4 86 155 230
4 102 171 246
4 110 179 254
4 119 187 263
4 128 196 272
4 137 205 281
5 87 155 230
5 103 171 246
5 111 179 254
5 120 187 263
5 129 196 272
5 138 205 281
6 88 155 230
6 104 171 246
6 112 179 254
6 121 187 263
6 130 196 272
6 139 205 281
7 83 156 229
7 91 163 237
7 116 188 262
7 125 197 271
7 134 206 280
8 84 156 229
8 92 163 237
8 117 188 262
8 126 197 271
8 135 206 280
9 85 156 229
9 93 163 237
9 118 188 262
9 127 197 271
9 136 206 280
10 86 156 230
10 94 163 238
10 119 188 263
10 128 197 272
10 137 206 281
11 88 156 230
11 96 163 238
11 121 188 263
11 130 197 272
11 139 206 281
12 114 189 261
12 123 198 270
12 132 207 279
12 141 215 288
13 115 189 261
13 124 198 270
13 133 207 279
13 142 215 288
14 91 164 237
14 99 172 245
14 107 180 253
14 116 189 262
14 125 198 271
14 134 207 280
14 143 215 289
15 92 164 237
15 100 172 245
15 108 180 253
15 117 189 262
15 126 198 271
15 135 207 280
15 144 215 289
16 93 164 237
16 101 172 245
16 109 180 253
16 118 189 262
16 127 198 271
16 136 207 280
16 145 215 289
17 78 148 222
17 94 164 238
17 102 172 246
17 110 180 254
17 119 189 263
17 128 198 272
17 137 207 281
18 79 148 222
18 95 164 238
18 103 172 246
18 111 180 254
18 120 189 263
18 129 198 272
18 138 207 281
19 80 148 222
19 96 164 238
19 104 172 246
19 112 180 254
19 121 189 263
19 130 198 272
19 139 207 281
20 74 149 223
20 89 165 239
20 105 181 255
20 113 190 264
20 122 199 273
20 131 208 282
20 140 216 290
21 81 157 231
21 90 165 239
21 97 173 247
21 106 181 255
21 114 190 264
21 123 199 273
21 132 208 282
21 141 216 290
22 75 149 223
22 82 157 231
22 98 173 247
22 115 190 264
22 124 199 273
22 133 208 282
22 142 216 290
23 76 149 224
23 83 157 232
23 91 165 240
23 99 173 248
23 107 181 256
23 116 190 265
23 125 199 274
23 134 208 283
23 143 216 291
24 84 157 232
24 92 165 240
24 100 173 248
24 108 181 256
24 117 190 265
24 126 199 274
24 135 208 283
24 144 216 291
25 77 149 224
25 85 157 232
25 93 165 240
25 101 173 248
25 109 181 256
25 118 190 265
25 127 199 274
25 136 208 283
25 145 216 291
26 78 149 225
26 86 157 233
26 94 165 241
26 102 173 249
26 110 181 257
26 119 190 266
26 128 199 275
26 137 208 284
26 146 216 292
27 79 149 225
27 87 157 233
27 95 165 241
27 103 173 249
27 111 181 257
27 120 190 266
27 129 199 275
27 138 208 284
28 80 149 225
28 88 157 233
28 96 165 241
28 104 173 249
28 112 181 257
28 121 190 266
28 130 199 275
28 139 208 284
28 147 216 292
29 74 150 223
29 89 166 239
29 105 182 255
29 113 191 264
29 122 200 273
29 131 209 282
29 140 217 290
30 81 158 231
30 90 166 239
30 97 174 247
30 106 182 255
30 114 191 264
30 123 200 273
30 132 209 282
30 141 217 290
31 75 150 223
31 82 158 231
31 98 174 247
31 115 191 264
31 124 200 273
31 133 209 282
31 142 217 290
32 76 150 224
32 83 158 232
32 91 166 240
32 99 174 248
32 107 182 256
32 116 191 265
32 125 200 274
32 134 209 283
32 143 217 291
33 84 158 232
33 92 166 240
33 100 174 248
33 108 182 256
33 117 191 265
33 126 200 274
33 135 209 283
33 144 217 291
34 77 150 224
34 85 158 232
34 93 166 240
34 101 174 248
34 109 182 256
34 118 191 265
34 127 200 274
34 136 209 283
34 145 217 291
35 78 150 225
35 86 158 233
35 94 166 241
35 102 174 249
35 110 182 257
35 119 191 266
35 128 200 275
35 137 209 284
35 146 217 292
36 79 150 225
36 87 158 233
36 95 166 241
36 103 174 249
36 111 182 257
36 120 191 266
36 129 200 275
36 138 209 284
37 80 150 225
37 88 158 233
37 96 166 241
37 104 174 249
37 112 182 257
37 121 191 266
37 130 200 275
37 139 209 284
37 147 217 292
38 74 151 223
38 89 167 239
38 105 183 255
38 113 192 264
38 122 201 273
38 131 210 282
38 140 218 290
39 81 159 231
39 90 167 239
39 97 175 247
39 106 183 255
39 114 192 264
39 123 201 273
39 132 210 282
39 141 218 290
40 75 151 223
40 82 159 231
40 98 175 247
40 115 192 264
40 124 201 273
40 133 210 282
40 142 218 290
41 76 151 224
41 83 159 232
41 91 167 240
41 99 175 248
41 107 183 256
41 116 192 265
41 125 201 274
41 134 210 283
41 143 218 291
42 84 159 232
42 92 167 240
42 100 175 248
42 108 183 256
42 117 192 265
42 126 201 274
42 135 210 283
42 144 218 291
43 77 151 224
43 85 159 232
43 93 167 240
43 101 175 248
43 109 183 256
43 118 192 265
43 127 201 274
43 136 210 283
43 145 218 291
44 78 151 225
44 86 159 233
44 94 167 241
44 102 175 249
44 110 183 257
44 119 192 266
44 128 201 275
44 137 210 284
44 146 218 292
45 79 151 225
45 87 159 233
45 95 167 241
45 103 175 249
45 111 183 257
45 120 192 266
45 129 201 275
45 138 210 284
46 80 151 225
46 88 159 233
46 96 167 241
46 104 175 249
46 112 183 257
46 121 192 266
46 130 201 275
46 139 210 284
46 147 218 292
47 74 152 226
47 89 168 242
47 105 184 258
47 113 193 267
47 122 202 276
47 131 211 285
47 140 219 293
48 81 160 234
48 90 168 242
48 97 176 250
48 106 184 258
48 114 193 267
48 123 202 276
48 132 211 285
48 141 219 293
49 75 152 226
49 82 160 234
49 98 176 250
49 115 193 267
49 124 202 276
49 133 211 285
49 142 219 293
50 76 152 227
50 83 160 235
50 91 168 243
50 99 176 251
50 107 184 259
50 116 193 268
50 125 202 277
50 134 211 286
50 143 219 294
51 84 160 235
51 92 168 243
51 100 176 251
51 108 184 259
51 117 193 268
51 126 202 277
51 135 211 286
51 144 219 294
52 77 152 227
52 85 160 235
52 93 168 243
52 101 176 251
52 109 184 259
52 118 193 268
52 127 202 277
52 136 211 286
52 145 219 294
53 78 152 228
53 86 160 236
53 94 168 244
53 102 176 252
53 110 184 260
53 119 193 269
53 128 202 278
53 137 211 287
53 146 219 295
54 79 152 228
54 87 160 236
54 95 168 244
54 103 176 252
54 111 184 260
54 120 193 269
54 129 202 278
54 138 211 287
55 80 152 228
55 88 160 236
55 96 168 244
55 104 176 252
55 112 184 260
55 121 193 269
55 130 202 278
55 139 211 287
55 147 219 295
56 74 153 226
56 89 169 242
56 105 185 258
56 113 194 267
56 122 203 276
56 131 212 285
56 140 220 293
57 81 161 234
57 90 169 242
57 97 177 250
57 106 185 258
57 114 194 267
57 123 203 276
57 132 212 285
57 141 220 293
58 75 153 226
58 82 161 234
58 98 177 250
58 115 194 267
58 124 203 276
58 133 212 285
58 142 220 293
59 76 153 227
59 83 161 235
59 91 169 243
59 99 177 251
59 107 185 259
59 116 194 268
59 125 203 277
59 134 212 286
59 143 220 294
60 84 161 235
60 92 169 243
60 100 177 251
60 108 185 259
60 117 194 268
60 126 203 277
60 135 212 286
60 144 220 294
61 77 153 227
61 85 161 235
61 93 169 243
61 101 177 251
61 109 185 259
61 118 194 268
61 127 203 277
61 136 212 286
61 145 220 294
62 78 153 228
62 86 161 236
62 94 169 244
62 102 177 252
62 110 185 260
62 119 194 269
62 128 203 278
62 137 212 287
62 146 220 295
63 79 153 228
63 87 161 236
63 95 169 244
63 103 177 252
63 111 185 260
63 120 194 269
63 129 203 278
63 138 212 287
64 80 153 228
64 88 161 236
64 96 169 244
64 104 177 252
64 112 185 260
64 121 194 269
64 130 203 278
64 139 212 287
64 147 220 295
65 74 154 226
65 89 170 242
65 105 186 258
65 113 195 267
65 122 204 276
65 131 213 285
65 140 221 293
66 81 162 234
66 90 170 242
66 97 178 250
66 106 186 258
66 114 195 267
66 123 204 276
66 132 213 285
66 141 221 293
67 75 154 226
67 82 162 234
67 98 178 250
67 115 195 267
67 124 204 276
67 133 213 285
67 142 221 293
68 76 154 227
68 83 162 235
68 91 170 243
68 99 178 251
68 107 186 259
68 116 195 268
68 125 204 277
68 134 213 286
68 143 221 294
69 84 162 235
69 92 170 243
69 100 178 251
69 108 186 259
69 117 195 268
69 126 204 277
69 135 213 286
69 144 221 294
70 77 154 227
70 85 162 235
70 93 170 243
70 101 178 251
70 109 186 259
70 118 195 268
70 127 204 277
70 136 213 286
70 145 221 294
71 78 154 228
71 86 162 236
71 94 170 244
71 102 178 252
71 110 186 260
71 119 195 269
71 128 204 278
71 137 213 287
71 146 221 295
72 79 154 228
72 87 162 236
72 95 170 244
72 103 178 252
72 111 186 260
72 120 195 269
72 129 204 278
72 138 213 287
73 80 154 228
73 88 162 236
73 96 170 244
73 104 178 252
73 112 186 260
73 121 195 269
73 130 204 278
73 139 213 287
73 147 221 295