252 0 347
c1l1
c2l1
c4l1
c6l1
c7l1
c8l1
c9l1
c4l2
c5l2
c6l2
c7l2
c9l2
c2l3
c5l3
c6l3
c8l3
c9l3
c2l4
c3l4
c4l4
c6l4
c7l4
c8l4
c1l5
c3l5
c5l5
c6l5
c7l5
c1l6
c3l6
c4l6
c5l6
c6l6
c7l6
c8l6
c9l6
c1l7
c2l7
c3l7
c4l7
c5l7
c6l7
c7l7
c8l7
c9l7
c1l8
c2l8
c3l8
c4l8
c5l8
c6l8
c7l8
c8l8
c9l8
c1l9
c2l9
c3l9
c4l9
c5l9
c6l9
c7l9
c8l9
c9l9
c1n1
c3n1
c4n1
c6n1
c7n1
c8n1
c9n1
c2n2
c3n2
c4n2
c5n2
c6n2
c7n2
c8n2
c1n3
c4n3
c5n3
c6n3
c9n3
c2n4
c3n4
c4n4
c5n4
c6n4
c7n4
c8n4
c9n4
c2n5
c5n5
c6n5
c7n5
c8n5
c9n5
c1n6
c2n6
c4n6
c5n6
c6n6
c7n6
c8n6
c9n6
c1n7
c3n7
c4n7
c5n7
c6n7
c7n7
c8n7
c9n7
c1n8
c2n8
c3n8
c4n8
c6n8
c7n8
c8n8
c9n8
c1n9
c2n9
c3n9
c5n9
c6n9
c7n9
l3n1
l4n1
l5n1
l6n1
l7n1
l8n1
l9n1
l1n2
l2n2
l4n2
l6n2
l7n2
l8n2
l9n2
l2n3
l4n3
l7n3
l8n3
l9n3
l1n4
l3n4
l4n4
l5n4
l6n4
l7n4
l8n4
l9n4
l1n5
l5n5
l6n5
l7n5
l8n5
l9n5
l1n6
l2n6
l4n6
l5n6
l6n6
l7n6
l8n6
l9n6
l1n7
l2n7
l3n7
l4n7
l6n7
l7n7
l8n7
l9n7
l1n8
l2n8
l3n8
l5n8
l6n8
l7n8
l8n8
l9n8
l1n9
l3n9
l6n9
l7n9
l8n9
l9n9
b2n1
b3n1
b4n1
b5n1
b6n1
b7n1
b8n1
b1n2
b2n2
b3n2
b4n2
b6n2
b7n2
b8n2
b1n3
b4n3
b6n3
b7n3
b8n3
b1n4
b2n4
b3n4
b4n4
b5n4
b6n4
b7n4
b8n4
b2n5
b4n5
b5n5
b6n5
b7n5
b8n5
b1n6
b2n6
b3n6
b4n6
b5n6
b6n6
b7n6
b8n6
b0n7
b1n7
b2n7
b4n7
b5n7
b6n7
b7n7
b8n7
b0n8
b1n8
b2n8
b3n8
b5n8
b6n8
b7n8
b8n8
b0n9
b1n9
b3n9
b6n9
b7n9
b8n9
0 104 167 230
0 112 175 238
0 120 183 246
1 113 175 238
1 121 183 246
2 72 133 196
2 84 145 208
2 98 159 222
2 106 167 231
2 115 175 239
3 74 133 196
3 86 145 208
3 100 159 222
3 108 167 231
3 116 175 239
3 124 183 247
4 75 133 197
4 87 145 209
4 93 153 216
4 101 159 223
4 109 167 232
4 117 175 240
5 76 133 197
5 88 145 209
5 94 153 216
5 102 159 223
5 110 167 232
5 118 175 240
6 89 145 209
6 95 153 216
6 103 159 223
6 111 167 232
6 119 175 240
7 72 134 196
7 78 140 203
7 98 160 222
7 106 168 231
7 115 176 239
8 73 134 196
8 79 140 203
8 99 160 222
8 107 168 231
9 74 134 196
9 80 140 203
9 100 160 222
9 108 168 231
9 116 176 239
10 75 134 197
10 101 160 223
10 109 168 232
10 117 176 240
11 103 160 223
11 111 168 232
11 119 176 240
12 113 177 238
12 121 184 246
13 85 146 208
13 107 169 231
13 123 184 247
14 86 146 208
14 108 169 231
14 116 177 239
14 124 184 247
15 68 126 189
15 88 146 209
15 110 169 232
15 118 177 240
16 69 126 189
16 89 146 209
16 111 169 232
16 119 177 240
17 70 135 198
17 82 147 210
17 97 161 224
18 64 127 190
18 71 135 198
18 83 147 210
19 65 127 191
19 72 135 199
19 78 141 204
19 84 147 211
19 98 161 225
19 106 170 233
20 66 127 191
20 74 135 199
20 80 141 204
20 86 147 211
20 100 161 225
20 108 170 233
21 67 127 192
21 87 147 212
21 101 161 226
21 109 170 234
22 68 127 192
22 88 147 212
22 102 161 226
22 110 170 234
23 63 128 190
23 96 162 224
23 112 178 241
24 64 128 190
24 83 148 210
24 114 178 241
25 85 148 211
25 91 154 217
25 99 162 225
26 66 128 191
26 86 148 211
26 92 154 217
26 100 162 225
27 67 128 192
27 87 148 212
27 93 154 218
27 101 162 226
27 117 178 242
28 63 129 190
28 96 163 224
28 112 179 241
28 120 185 248
29 64 129 190
29 71 136 198
29 83 149 210
29 114 179 241
29 122 185 248
30 65 129 191
30 72 136 199
30 84 149 211
30 98 163 225
30 106 171 233
31 73 136 199
31 85 149 211
31 91 155 217
31 99 163 225
31 107 171 233
32 66 129 191
32 74 136 199
32 86 149 211
32 92 155 217
32 100 163 225
32 108 171 233
33 67 129 192
33 87 149 212
33 93 155 218
33 101 163 226
33 109 171 234
33 117 179 242
34 68 129 192
34 88 149 212
34 94 155 218
34 102 163 226
34 110 171 234
34 118 179 242
35 69 129 192
35 89 149 212
35 95 155 218
35 103 163 226
35 111 171 234
35 119 179 242
36 63 130 193
36 77 142 205
36 96 164 227
36 104 172 235
36 112 180 243
36 120 186 249
37 70 137 200
37 82 150 213
37 90 156 219
37 97 164 227
37 113 180 243
37 121 186 249
38 64 130 193
38 71 137 200
38 83 150 213
38 105 172 235
38 114 180 243
38 122 186 249
39 65 130 194
39 72 137 201
39 78 142 206
39 84 150 214
39 98 164 228
39 106 172 236
39 115 180 244
40 73 137 201
40 79 142 206
40 85 150 214
40 91 156 220
40 99 164 228
40 107 172 236
40 123 186 250
41 66 130 194
41 74 137 201
41 80 142 206
41 86 150 214
41 92 156 220
41 100 164 228
41 108 172 236
41 116 180 244
41 124 186 250
42 67 130 195
42 75 137 202
42 87 150 215
42 93 156 221
42 101 164 229
42 109 172 237
42 117 180 245
42 125 186 251
43 68 130 195
43 76 137 202
43 88 150 215
43 94 156 221
43 102 164 229
43 110 172 237
43 118 180 245
44 69 130 195
44 81 142 207
44 89 150 215
44 95 156 221
44 103 164 229
44 111 172 237
44 119 180 245
45 63 131 193
45 77 143 205
45 96 165 227
45 104 173 235
45 112 181 243
45 120 187 249
46 70 138 200
46 82 151 213
46 90 157 219
46 97 165 227
46 113 181 243
46 121 187 249
47 64 131 193
47 71 138 200
47 83 151 213
47 105 173 235
47 114 181 243
47 122 187 249
48 65 131 194
48 72 138 201
48 78 143 206
48 84 151 214
48 98 165 228
48 106 173 236
48 115 181 244
49 73 138 201
49 79 143 206
49 85 151 214
49 91 157 220
49 99 165 228
49 107 173 236
49 123 187 250
50 66 131 194
50 74 138 201
50 80 143 206
50 86 151 214
50 92 157 220
50 100 165 228
50 108 173 236
50 116 181 244
50 124 187 250
51 67 131 195
51 75 138 202
51 87 151 215
51 93 157 221
51 101 165 229
51 109 173 237
51 117 181 245
51 125 187 251
52 68 131 195
52 76 138 202
52 88 151 215
52 94 157 221
52 102 165 229
52 110 173 237
52 118 181 245
53 69 131 195
53 81 143 207
53 89 151 215
53 95 157 221
53 103 165 229
53 111 173 237
53 119 181 245
54 63 132 193
54 77 144 205
54 96 166 227
54 104 174 235
54 112 182 243
54 120 188 249
55 70 139 200
55 82 152 213
55 90 158 219
55 97 166 227
55 113 182 243
55 121 188 249
56 64 132 193
56 71 139 200
56 83 152 213
56 105 174 235
56 114 182 243
56 122 188 249
57 65 132 194
57 72 139 201
57 78 144 206
57 84 152 214
57 98 166 228
57 106 174 236
57 115 182 244
58 73 139 201
58 79 144 206
58 85 152 214
58 91 158 220
58 99 166 228
58 107 174 236
58 123 188 250
59 66 132 194
59 74 139 201
59 80 144 206
59 86 152 214
59 92 158 220
59 100 166 228
59 108 174 236
59 116 182 244
59 124 188 250
60 67 132 195
60 75 139 202
60 87 152 215
60 93 158 221
60 101 166 229
60 109 174 237
60 117 182 245
60 125 188 251
61 68 132 195
61 76 139 202
61 88 152 215
61 94 158 221
61 102 166 229
61 110 174 237
61 118 182 245
62 69 132 195
62 81 144 207
62 89 152 215
62 95 158 221
62 103 166 229
62 111 174 237
62 119 182 245