300 0 571
c1l1
c2l1
c3l1
c4l1
c5l1
c6l1
c8l1
c9l1
c2l2
c3l2
c5l2
c6l2
c7l2
c8l2
c9l2
c1l3
c2l3
c3l3
c4l3
c5l3
c6l3
c8l3
c2l4
c3l4
c4l4
c5l4
c6l4
c7l4
c8l4
c9l4
c1l5
c2l5
c3l5
c4l5
c5l5
c6l5
c7l5
c8l5
c9l5
c1l6
c2l6
c3l6
c4l6
c5l6
c6l6
c7l6
c8l6
c9l6
c1l7
c2l7
c3l7
c4l7
c5l7
c6l7
c7l7
c8l7
c9l7
c1l8
c2l8
c3l8
c4l8
c5l8
c6l8
c7l8
c8l8
c9l8
c1l9
c2l9
c3l9
c4l9
c5l9
c6l9
c7l9
c8l9
c9l9
c2n1
c3n1
c4n1
c5n1
c6n1
c8n1
c9n1
c1n2
c2n2
c3n2
c4n2
c5n2
c6n2
c7n2
c8n2
c9n2
c1n3
c2n3
c3n3
c4n3
c5n3
c6n3
c8n3
c9n3
c1n4
c2n4
c3n4
c5n4
c6n4
c7n4
c8n4
c9n4
c1n5
c2n5
c3n5
c4n5
c5n5
c6n5
c7n5
c8n5
c1n6
c2n6
c3n6
c4n6
c5n6
c6n6
c7n6
c8n6
c9n6
c1n7
c2n7
c3n7
c4n7
c5n7
c6n7
c7n7
c8n7
c9n7
c1n8
c2n8
c3n8
c4n8
c5n8
c6n8
c7n8
c8n8
c9n8
c2n9
c3n9
c4n9
c5n9
c6n9
c7n9
c8n9
c9n9
l1n1
l4n1
l5n1
l6n1
l7n1
l8n1
l9n1
l1n2
l2n2
l3n2
l4n2
l5n2
l6n2
l7n2
l8n2
l9n2
l2n3
l3n3
l4n3
l5n3
l6n3
l7n3
l8n3
l9n3
l1n4
l3n4
l4n4
l5n4
l6n4
l7n4
l8n4
l9n4
l1n5
l2n5
l4n5
l5n5
l6n5
l7n5
l8n5
l9n5
l1n6
l2n6
l3n6
l4n6
l5n6
l6n6
l7n6
l8n6
l9n6
l1n7
l2n7
l3n7
l4n7
l5n7
l6n7
l7n7
l8n7
l9n7
l1n8
l2n8
l3n8
l4n8
l5n8
l6n8
l7n8
l8n8
l9n8
l1n9
l2n9
l3n9
l5n9
l6n9
l7n9
l8n9
l9n9
b1n1
b3n1
b4n1
b5n1
b6n1
b7n1
b8n1
b0n2
b1n2
b2n2
b3n2
b4n2
b5n2
b6n2
b7n2
b8n2
b0n3
b1n3
b3n3
b4n3
b5n3
b6n3
b7n3
b8n3
b0n4
b2n4
b3n4
b4n4
b5n4
b6n4
b7n4
b8n4
b0n5
b1n5
b3n5
b4n5
b5n5
b6n5
b7n5
b8n5
b0n6
b1n6
b2n6
b3n6
b4n6
b5n6
b6n6
b7n6
b8n6
b0n7
b1n7
b2n7
b3n7
b4n7
b5n7
b6n7
b7n7
b8n7
b0n8
b1n8
b2n8
b3n8
b4n8
b5n8
b6n8
b7n8
b8n8
b0n9
b1n9
b2n9
b4n9
b5n9
b6n9
b7n9
b8n9
0 82 157 232
0 99 174 249
0 107 182 257
0 115 190 265
0 124 199 274
0 133 208 283
1 83 157 232
1 100 174 249
1 108 182 257
1 116 190 265
1 125 199 274
1 134 208 283
1 142 217 292
2 84 157 232
2 101 174 249
2 109 182 257
2 117 190 265
2 126 199 274
2 135 208 283
2 143 217 292
3 77 150 225
3 85 157 233
3 110 182 258
3 118 190 266
3 127 199 275
3 136 208 284
3 144 217 293
4 78 150 225
4 86 157 233
4 111 182 258
4 119 190 266
4 128 199 275
4 137 208 284
4 145 217 293
5 79 150 225
5 87 157 233
5 112 182 258
5 120 190 266
5 129 199 275
5 138 208 284
5 146 217 293
6 89 157 234
6 105 174 250
6 122 190 267
6 131 199 276
6 140 208 285
6 148 217 294
7 90 157 234
7 106 174 250
7 123 190 267
7 132 199 276
7 141 208 285
7 149 217 294
8 83 158 232
8 92 166 241
8 108 183 257
8 116 191 265
8 125 200 274
8 134 209 283
8 142 218 292
9 84 158 232
9 93 166 241
9 109 183 257
9 117 191 265
9 126 200 274
9 135 209 283
9 143 218 292
10 86 158 233
10 95 166 242
10 111 183 258
10 119 191 266
10 128 200 275
10 137 209 284
10 145 218 293
11 87 158 233
11 96 166 242
11 112 183 258
11 120 191 266
11 129 200 275
11 138 209 284
11 146 218 293
12 88 158 234
12 121 191 267
12 130 200 276
12 139 209 285
12 147 218 294
13 89 158 234
13 122 191 267
13 131 200 276
13 140 209 285
13 148 218 294
14 90 158 234
14 123 191 267
14 132 200 276
14 141 209 285
14 149 218 294
15 82 159 232
15 91 167 241
15 99 175 249
15 115 192 265
15 124 201 274
15 133 210 283
16 83 159 232
16 92 167 241
16 100 175 249
16 116 192 265
16 125 201 274
16 134 210 283
16 142 219 292
17 84 159 232
17 93 167 241
17 101 175 249
17 117 192 265
17 126 201 274
17 135 210 283
17 143 219 292
18 85 159 233
18 94 167 242
18 118 192 266
18 127 201 275
18 136 210 284
18 144 219 293
19 86 159 233
19 95 167 242
19 119 192 266
19 128 201 275
19 137 210 284
19 145 219 293
20 87 159 233
20 96 167 242
20 120 192 266
20 129 201 275
20 138 210 284
20 146 219 293
21 89 159 234
21 105 175 250
21 122 192 267
21 131 201 276
21 140 210 285
21 148 219 294
22 75 151 226
22 83 160 235
22 92 168 243
22 100 176 251
22 108 184 259
22 116 193 268
22 125 202 277
22 134 211 286
23 76 151 226
23 84 160 235
23 93 168 243
23 101 176 251
23 109 184 259
23 117 193 268
23 126 202 277
23 135 211 286
24 77 151 227
24 85 160 236
24 94 168 244
24 110 184 260
24 118 193 269
24 127 202 278
24 136 211 287
25 78 151 227
25 86 160 236
25 95 168 244
25 102 176 252
25 111 184 260
25 119 193 269
25 128 202 278
25 137 211 287
26 79 151 227
26 87 160 236
26 96 168 244
26 103 176 252
26 112 184 260
26 120 193 269
26 129 202 278
26 138 211 287
27 88 160 237
27 104 176 253
27 113 184 261
27 121 193 270
27 130 202 279
27 139 211 288
28 80 151 228
28 89 160 237
28 97 168 245
28 105 176 253
28 114 184 261
28 122 193 270
28 131 202 279
28 140 211 288
29 81 151 228
29 90 160 237
29 98 168 245
29 106 176 253
29 123 193 270
29 132 202 279
29 141 211 288
30 82 161 235
30 91 169 243
30 99 177 251
30 107 185 259
30 115 194 268
30 124 203 277
30 133 212 286
31 75 152 226
31 83 161 235
31 92 169 243
31 100 177 251
31 108 185 259
31 116 194 268
31 125 203 277
31 134 212 286
32 76 152 226
32 84 161 235
32 93 169 243
32 101 177 251
32 109 185 259
32 117 194 268
32 126 203 277
32 135 212 286
33 77 152 227
33 85 161 236
33 94 169 244
33 110 185 260
33 118 194 269
33 127 203 278
33 136 212 287
33 144 220 295
34 78 152 227
34 86 161 236
34 95 169 244
34 102 177 252
34 111 185 260
34 119 194 269
34 128 203 278
34 137 212 287
34 145 220 295
35 79 152 227
35 87 161 236
35 96 169 244
35 103 177 252
35 112 185 260
35 120 194 269
35 129 203 278
35 138 212 287
35 146 220 295
36 88 161 237
36 104 177 253
36 113 185 261
36 121 194 270
36 130 203 279
36 139 212 288
36 147 220 296
37 80 152 228
37 89 161 237
37 97 169 245
37 105 177 253
37 114 185 261
37 122 194 270
37 131 203 279
37 140 212 288
37 148 220 296
38 81 152 228
38 90 161 237
38 98 169 245
38 106 177 253
38 123 194 270
38 132 203 279
38 141 212 288
38 149 220 296
39 82 162 235
39 91 170 243
39 99 178 251
39 107 186 259
39 115 195 268
39 124 204 277
39 133 213 286
40 75 153 226
40 83 162 235
40 92 170 243
40 100 178 251
40 108 186 259
40 116 195 268
40 125 204 277
40 134 213 286
41 76 153 226
41 84 162 235
41 93 170 243
41 101 178 251
41 109 186 259
41 117 195 268
41 126 204 277
41 135 213 286
42 77 153 227
42 85 162 236
42 94 170 244
42 110 186 260
42 118 195 269
42 127 204 278
42 136 213 287
42 144 221 295
43 78 153 227
43 86 162 236
43 95 170 244
43 102 178 252
43 111 186 260
43 119 195 269
43 128 204 278
43 137 213 287
43 145 221 295
44 79 153 227
44 87 162 236
44 96 170 244
44 103 178 252
44 112 186 260
44 120 195 269
44 129 204 278
44 138 213 287
44 146 221 295
45 88 162 237
45 104 178 253
45 113 186 261
45 121 195 270
45 130 204 279
45 139 213 288
45 147 221 296
46 80 153 228
46 89 162 237
46 97 170 245
46 105 178 253
46 114 186 261
46 122 195 270
46 131 204 279
46 140 213 288
46 148 221 296
47 81 153 228
47 90 162 237
47 98 170 245
47 106 178 253
47 123 195 270
47 132 204 279
47 141 213 288
47 149 221 296
48 82 163 238
48 91 171 246
48 99 179 254
48 107 187 262
48 115 196 271
48 124 205 280
48 133 214 289
49 75 154 229
49 83 163 238
49 92 171 246
49 100 179 254
49 108 187 262
49 116 196 271
49 125 205 280
49 134 214 289
49 142 222 297
50 76 154 229
50 84 163 238
50 93 171 246
50 101 179 254
50 109 187 262
50 117 196 271
50 126 205 280
50 135 214 289
50 143 222 297
51 77 154 230
51 85 163 239
51 94 171 247
51 110 187 263
51 118 196 272
51 127 205 281
51 136 214 290
51 144 222 298
52 78 154 230
52 86 163 239
52 95 171 247
52 102 179 255
52 111 187 263
52 119 196 272
52 128 205 281
52 137 214 290
52 145 222 298
53 79 154 230
53 87 163 239
53 96 171 247
53 103 179 255
53 112 187 263
53 120 196 272
53 129 205 281
53 138 214 290
53 146 222 298
54 88 163 240
54 104 179 256
54 113 187 264
54 121 196 273
54 130 205 282
54 139 214 291
54 147 222 299
55 80 154 231
55 89 163 240
55 97 171 248
55 105 179 256
55 114 187 264
55 122 196 273
55 131 205 282
55 140 214 291
55 148 222 299
56 81 154 231
56 90 163 240
56 98 171 248
56 106 179 256
56 123 196 273
56 132 205 282
56 141 214 291
56 149 222 299
57 82 164 238
57 91 172 246
57 99 180 254
57 107 188 262
57 115 197 271
57 124 206 280
57 133 215 289
58 75 155 229
58 83 164 238
58 92 172 246
58 100 180 254
58 108 188 262
58 116 197 271
58 125 206 280
58 134 215 289
58 142 223 297
59 76 155 229
59 84 164 238
59 93 172 246
59 101 180 254
59 109 188 262
59 117 197 271
59 126 206 280
59 135 215 289
59 143 223 297
60 77 155 230
60 85 164 239
60 94 172 247
60 110 188 263
60 118 197 272
60 127 206 281
60 136 215 290
60 144 223 298
61 78 155 230
61 86 164 239
61 95 172 247
61 102 180 255
61 111 188 263
61 119 197 272
61 128 206 281
61 137 215 290
61 145 223 298
62 79 155 230
62 87 164 239
62 96 172 247
62 103 180 255
62 112 188 263
62 120 197 272
62 129 206 281
62 138 215 290
62 146 223 298
63 88 164 240
63 104 180 256
63 113 188 264
63 121 197 273
63 130 206 282
63 139 215 291
63 147 223 299
64 80 155 231
64 89 164 240
64 97 172 248
64 105 180 256
64 114 188 264
64 122 197 273
64 131 206 282
64 140 215 291
64 148 223 299
65 81 155 231
65 90 164 240
65 98 172 248
65 106 180 256
65 123 197 273
65 132 206 282
65 141 215 291
65 149 223 299
66 82 165 238
66 91 173 246
66 99 181 254
66 107 189 262
66 115 198 271
66 124 207 280
66 133 216 289
67 75 156 229
67 83 165 238
67 92 173 246
67 100 181 254
67 108 189 262
67 116 198 271
67 125 207 280
67 134 216 289
67 142 224 297
68 76 156 229
68 84 165 238
68 93 173 246
68 101 181 254
68 109 189 262
68 117 198 271
68 126 207 280
68 135 216 289
68 143 224 297
69 77 156 230
69 85 165 239
69 94 173 247
69 110 189 263
69 118 198 272
69 127 207 281
69 136 216 290
69 144 224 298
70 78 156 230
70 86 165 239
70 95 173 247
70 102 181 255
70 111 189 263
70 119 198 272
70 128 207 281
70 137 216 290
70 145 224 298
71 79 156 230
71 87 165 239
71 96 173 247
71 103 181 255
71 112 189 263
71 120 198 272
71 129 207 281
71 138 216 290
71 146 224 298
72 88 165 240
72 104 181 256
72 113 189 264
72 121 198 273
72 130 207 282
72 139 216 291
72 147 224 299
73 80 156 231
73 89 165 240
73 97 173 248
73 105 181 256
73 114 189 264
73 122 198 273
73 131 207 282
73 140 216 291
73 148 224 299
74 81 156 231
74 90 165 240
74 98 173 248
74 106 181 256
74 123 198 273
74 132 207 282
74 141 216 291
74 149 224 299