228 0 236
c1l1
c2l1
c4l1
c6l1
c7l1
c8l1
c9l1
c4l2
c5l2
c6l2
c7l2
c9l2
c2l3
c5l3
c6l3
c8l3
c9l3
c2l4
c3l4
c4l4
c6l4
c7l4
c8l4
c1l5
c3l5
c5l5
c6l5
c7l5
c1l6
c4l6
c5l6
c7l6
c9l6
c1l7
c2l7
c3l7
c6l7
c8l7
c9l7
c1l8
c2l8
c3l8
c4l8
c5l8
c6l8
c7l8
c8l8
c9l8
c1l9
c2l9
c3l9
c4l9
c5l9
c6l9
c7l9
c8l9
c9l9
c1n1
c3n1
c4n1
c6n1
c7n1
c8n1
c9n1
c2n2
c3n2
c5n2
c6n2
c7n2
c8n2
c1n3
c4n3
c5n3
c6n3
c9n3
c2n4
c3n4
c4n4
c5n4
c8n4
c9n4
c2n5
c5n5
c6n5
c7n5
c8n5
c9n5
c1n6
c2n6
c4n6
c6n6
c7n6
c9n6
c1n7
c3n7
c4n7
c5n7
c6n7
c7n7
c8n7
c9n7
c1n8
c2n8
c4n8
c6n8
c7n8
c8n8
c9n8
c1n9
c2n9
c3n9
c5n9
c6n9
c7n9
l3n1
l4n1
l5n1
l6n1
l7n1
l8n1
l9n1
l1n2
l2n2
l4n2
l6n2
l8n2
l9n2
l2n3
l4n3
l7n3
l8n3
l9n3
l1n4
l3n4
l4n4
l5n4
l8n4
l9n4
l1n5
l5n5
l6n5
l7n5
l8n5
l9n5
l1n6
l2n6
l4n6
l5n6
l8n6
l9n6
l1n7
l2n7
l3n7
l4n7
l6n7
l7n7
l8n7
l9n7
l1n8
l2n8
l3n8
l5n8
l7n8
l8n8
l9n8
l1n9
l3n9
l6n9
l7n9
l8n9
l9n9
b2n1
b3n1
b4n1
b5n1
b6n1
b7n1
b8n1
b1n2
b2n2
b3n2
b4n2
b6n2
b8n2
b1n3
b4n3
b6n3
b7n3
b8n3
b1n4
b2n4
b3n4
b5n4
b6n4
b7n4
b2n5
b4n5
b5n5
b6n5
b7n5
b8n5
b1n6
b2n6
b3n6
b4n6
b6n6
b8n6
b0n7
b1n7
b2n7
b4n7
b5n7
b6n7
b7n7
b8n7
b0n8
b1n8
b2n8
b5n8
b6n8
b7n8
b8n8
b0n9
b1n9
b3n9
b6n9
b7n9
b8n9
0 93 150 207
0 101 158 215
0 108 165 222
1 102 158 215
1 109 165 222
2 77 132 189
2 89 144 201
2 95 150 208
2 103 158 216
3 67 121 178
3 90 144 201
3 97 150 208
3 104 158 216
3 112 165 223
4 68 121 179
4 84 138 195
4 91 144 202
4 98 150 209
4 105 158 217
5 69 121 179
5 79 132 190
5 85 138 195
5 99 150 209
5 106 158 217
6 80 132 190
6 86 138 195
6 92 144 202
6 100 150 209
6 107 158 217
7 71 127 184
7 89 145 201
7 95 151 208
7 103 159 216
8 66 122 178
8 72 127 184
8 96 151 208
9 67 122 178
9 73 127 184
9 90 145 201
9 97 151 208
9 104 159 216
10 68 122 179
10 91 145 202
10 98 151 209
10 105 159 217
11 92 145 202
11 100 151 209
11 107 159 217
12 102 160 215
12 109 166 222
13 78 133 189
13 96 152 208
13 111 166 223
14 97 152 208
14 104 160 216
14 112 166 223
15 62 114 171
15 79 133 190
15 99 152 209
15 106 160 217
16 63 114 171
16 80 133 190
16 100 152 209
16 107 160 217
17 64 123 180
17 75 134 191
17 88 146 203
18 58 115 172
18 65 123 180
18 76 134 191
19 59 115 173
19 71 128 185
19 89 146 204
19 95 153 210
20 60 115 173
20 67 123 181
20 73 128 185
20 90 146 204
20 97 153 210
21 61 115 174
21 98 153 211
22 62 115 174
22 79 134 192
22 99 153 211
23 57 116 172
23 87 147 203
24 58 116 172
24 76 135 191
25 82 139 196
26 60 116 173
26 83 139 196
26 90 147 204
27 61 116 174
27 84 139 197
27 105 161 218
28 57 117 172
28 108 167 224
29 59 117 173
29 95 154 210
30 66 124 181
30 82 140 196
30 96 154 210
31 61 117 174
31 84 140 197
31 98 154 211
32 63 117 174
32 86 140 197
32 100 154 211
33 57 118 175
33 70 129 186
33 93 155 212
33 101 162 219
33 108 168 225
34 81 141 198
34 102 162 219
34 109 168 225
35 58 118 175
35 94 155 212
35 110 168 225
36 60 118 176
36 73 129 187
36 83 141 199
36 97 155 213
36 104 162 220
36 112 168 226
37 62 118 177
37 85 141 200
37 99 155 214
37 106 162 221
38 63 118 177
38 74 129 188
38 86 141 200
38 100 155 214
38 107 162 221
39 57 119 175
39 70 130 186
39 87 148 205
39 93 156 212
39 101 163 219
39 108 169 225
40 64 125 182
40 75 136 193
40 81 142 198
40 88 148 205
40 102 163 219
40 109 169 225
41 58 119 175
41 65 125 182
41 76 136 193
41 94 156 212
41 110 169 225
42 59 119 176
42 71 130 187
42 77 136 194
42 95 156 213
42 103 163 220
43 72 130 187
43 78 136 194
43 82 142 199
43 96 156 213
43 111 169 226
44 60 119 176
44 73 130 187
44 83 142 199
44 97 156 213
44 104 163 220
44 112 169 226
45 61 119 177
45 68 125 183
45 84 142 200
45 91 148 206
45 98 156 214
45 105 163 221
45 113 169 227
46 62 119 177
46 69 125 183
46 85 142 200
46 99 156 214
46 106 163 221
47 63 119 177
47 74 130 188
47 86 142 200
47 92 148 206
47 100 156 214
47 107 163 221
48 57 120 175
48 70 131 186
48 87 149 205
48 93 157 212
48 101 164 219
48 108 170 225
49 64 126 182
49 75 137 193
49 81 143 198
49 88 149 205
49 102 164 219
49 109 170 225
50 58 120 175
50 65 126 182
50 76 137 193
50 94 157 212
50 110 170 225
51 59 120 176
51 71 131 187
51 77 137 194
51 95 157 213
51 103 164 220
52 72 131 187
52 78 137 194
52 82 143 199
52 96 157 213
52 111 170 226
53 60 120 176
53 73 131 187
53 83 143 199
53 97 157 213
53 104 164 220
53 112 170 226
54 61 120 177
54 68 126 183
54 84 143 200
54 91 149 206
54 98 157 214
54 105 164 221
54 113 170 227
55 62 120 177
55 69 126 183
55 85 143 200
55 99 157 214
55 106 164 221
56 63 120 177
56 74 131 188
56 86 143 200
56 92 149 206
56 100 157 214
56 107 164 221