212 0 191
c1l1
c2l1
c4l1
c6l1
c7l1
c8l1
c9l1
c4l2
c5l2
c6l2
c7l2
c9l2
c2l3
c5l3
c6l3
c8l3
c9l3
c2l4
c3l4
c4l4
c6l4
c7l4
c8l4
c1l5
c3l5
c5l5
c6l5
c7l5
c1l6
c4l6
c5l6
c7l6
c9l6
c1l7
c2l7
c3l7
c6l7
c8l7
c1l8
c2l8
c3l8
c5l8
c6l8
c7l8
c8l8
c2l9
c3l9
c4l9
c5l9
c6l9
c7l9
c8l9
c9l9
c1n1
c3n1
c4n1
c6n1
c7n1
c8n1
c9n1
c2n2
c3n2
c5n2
c6n2
c7n2
c8n2
c5n3
c6n3
c2n4
c3n4
c4n4
c5n4
c8n4
c9n4
c2n5
c5n5
c6n5
c7n5
c8n5
c9n5
c1n6
c2n6
c4n6
c6n6
c7n6
c9n6
c1n7
c3n7
c4n7
c5n7
c6n7
c7n7
c8n7
c9n7
c1n8
c2n8
c4n8
c6n8
c7n8
c8n8
c1n9
c2n9
c3n9
c5n9
c6n9
c7n9
l3n1
l4n1
l5n1
l6n1
l7n1
l8n1
l9n1
l1n2
l2n2
l4n2
l6n2
l8n2
l9n2
l2n3
l4n3
l1n4
l3n4
l4n4
l5n4
l8n4
l9n4
l1n5
l5n5
l6n5
l7n5
l8n5
l9n5
l1n6
l2n6
l4n6
l5n6
l8n6
l9n6
l1n7
l2n7
l3n7
l4n7
l6n7
l7n7
l8n7
l9n7
l1n8
l2n8
l3n8
l5n8
l7n8
l9n8
l1n9
l3n9
l6n9
l7n9
l8n9
l9n9
b2n1
b3n1
b4n1
b5n1
b6n1
b7n1
b8n1
b1n2
b2n2
b3n2
b4n2
b6n2
b8n2
b1n3
b4n3
b1n4
b2n4
b3n4
b5n4
b6n4
b7n4
b2n5
b4n5
b5n5
b6n5
b7n5
b8n5
b1n6
b2n6
b3n6
b4n6
b6n6
b8n6
b0n7
b1n7
b2n7
b4n7
b5n7
b6n7
b7n7
b8n7
b0n8
b1n8
b2n8
b5n8
b6n8
b7n8
b0n9
b1n9
b3n9
b6n9
b7n9
b8n9
0 86 139 192
0 94 147 200
0 100 153 206
1 95 147 200
1 101 153 206
2 70 121 174
2 82 133 186
2 88 139 193
2 96 147 201
3 63 113 166
3 83 133 186
3 90 139 193
3 97 147 201
3 104 153 207
4 64 113 167
4 77 127 180
4 84 133 187
4 91 139 194
4 98 147 202
5 65 113 167
5 72 121 175
5 78 127 180
5 92 139 194
5 99 147 202
6 73 121 175
6 79 127 180
6 85 133 187
6 93 139 194
7 82 134 186
7 88 140 193
7 96 148 201
8 62 114 166
8 66 119 172
8 89 140 193
9 63 114 166
9 67 119 172
9 83 134 186
9 90 140 193
9 97 148 201
10 64 114 167
10 84 134 187
10 91 140 194
10 98 148 202
11 85 134 187
11 93 140 194
12 95 149 200
12 101 154 206
13 71 122 174
13 89 141 193
13 103 154 207
14 90 141 193
14 97 149 201
14 104 154 207
15 58 106 159
15 72 122 175
15 92 141 194
15 99 149 202
16 59 106 159
16 73 122 175
16 93 141 194
17 60 115 168
17 68 123 176
17 81 135 188
18 54 107 160
18 61 115 168
18 69 123 176
19 55 107 161
19 82 135 189
19 88 142 195
20 56 107 161
20 63 115 169
20 67 120 173
20 83 135 189
20 90 142 195
21 57 107 162
21 91 142 196
22 58 107 162
22 72 123 177
22 92 142 196
23 53 108 160
23 80 136 188
24 54 108 160
24 69 124 176
25 75 128 181
26 56 108 161
26 76 128 181
26 83 136 189
27 57 108 162
27 77 128 182
27 98 150 203
28 53 109 160
28 100 155 208
29 55 109 161
29 88 143 195
30 62 116 169
30 75 129 181
30 89 143 195
31 57 109 162
31 77 129 182
31 91 143 196
32 59 109 162
32 79 129 182
32 93 143 196
33 53 110 163
33 86 144 197
33 94 151 204
33 100 156 209
34 74 130 183
34 95 151 204
34 101 156 209
35 54 110 163
35 87 144 197
35 102 156 209
36 56 110 164
36 76 130 184
36 90 144 198
36 97 151 205
36 104 156 210
37 58 110 165
37 78 130 185
37 92 144 199
38 53 111 163
38 80 137 190
38 86 145 197
38 100 157 209
39 60 117 170
39 68 125 178
39 74 131 183
39 81 137 190
39 101 157 209
40 54 111 163
40 61 117 170
40 69 125 178
40 87 145 197
40 102 157 209
41 71 125 179
41 75 131 184
41 89 145 198
41 103 157 210
42 56 111 164
42 76 131 184
42 90 145 198
42 104 157 210
43 57 111 165
43 64 117 171
43 77 131 185
43 84 137 191
43 91 145 199
43 105 157 211
44 58 111 165
44 65 117 171
44 78 131 185
44 92 145 199
45 60 118 170
45 68 126 178
45 74 132 183
45 81 138 190
45 95 152 204
45 101 158 209
46 54 112 163
46 61 118 170
46 69 126 178
46 87 146 197
46 102 158 209
47 55 112 164
47 70 126 179
47 88 146 198
47 96 152 205
48 71 126 179
48 75 132 184
48 89 146 198
48 103 158 210
49 56 112 164
49 76 132 184
49 90 146 198
49 97 152 205
49 104 158 210
50 57 112 165
50 64 118 171
50 77 132 185
50 84 138 191
50 91 146 199
50 105 158 211
51 58 112 165
51 65 118 171
51 78 132 185
51 92 146 199
52 59 112 165
52 79 132 185
52 85 138 191
52 93 146 199