272 0 398
c1l1
c2l1
c3l1
c4l1
c5l1
c6l1
c8l1
c9l1
c2l2
c3l2
c5l2
c6l2
c7l2
c8l2
c9l2
c1l3
c2l3
c3l3
c4l3
c5l3
c6l3
c8l3
c2l4
c3l4
c4l4
c5l4
c6l4
c7l4
c8l4
c9l4
c1l5
c2l5
c3l5
c4l5
c5l5
c8l5
c9l5
c1l6
c2l6
c3l6
c4l6
c7l6
c8l6
c9l6
c1l7
c3l7
c5l7
c6l7
c7l7
c8l7
c9l7
c1l8
c2l8
c3l8
c5l8
c6l8
c7l8
c8l8
c9l8
c1l9
c2l9
c3l9
c4l9
c5l9
c6l9
c7l9
c8l9
c9l9
c2n1
c3n1
c4n1
c5n1
c6n1
c8n1
c9n1
c1n2
c2n2
c3n2
c4n2
c5n2
c7n2
c8n2
c9n2
c1n3
c2n3
c3n3
c4n3
c5n3
c8n3
c9n3
c1n4
c2n4
c3n4
c5n4
c6n4
c7n4
c8n4
c9n4
c1n5
c3n5
c4n5
c6n5
c7n5
c8n5
c1n6
c2n6
c3n6
c4n6
c5n6
c6n6
c8n6
c9n6
c1n7
c2n7
c3n7
c4n7
c5n7
c6n7
c7n7
c8n7
c9n7
c1n8
c2n8
c3n8
c5n8
c6n8
c7n8
c8n8
c9n8
c2n9
c3n9
c5n9
c6n9
c7n9
c8n9
c9n9
l1n1
l4n1
l5n1
l6n1
l7n1
l8n1
l9n1
l1n2
l2n2
l3n2
l4n2
l6n2
l7n2
l8n2
l9n2
l2n3
l3n3
l4n3
l5n3
l7n3
l8n3
l9n3
l1n4
l3n4
l4n4
l5n4
l6n4
l7n4
l8n4
l9n4
l1n5
l2n5
l4n5
l5n5
l8n5
l9n5
l1n6
l2n6
l3n6
l4n6
l6n6
l7n6
l8n6
l9n6
l1n7
l2n7
l3n7
l4n7
l5n7
l6n7
l7n7
l8n7
l9n7
l1n8
l2n8
l3n8
l4n8
l5n8
l6n8
l8n8
l9n8
l1n9
l2n9
l3n9
l5n9
l6n9
l7n9
l9n9
b1n1
b3n1
b4n1
b5n1
b6n1
b7n1
b8n1
b0n2
b1n2
b2n2
b3n2
b5n2
b6n2
b7n2
b8n2
b0n3
b1n3
b3n3
b5n3
b6n3
b7n3
b8n3
b0n4
b2n4
b3n4
b4n4
b5n4
b6n4
b7n4
b8n4
b0n5
b1n5
b3n5
b5n5
b7n5
b8n5
b0n6
b1n6
b2n6
b3n6
b4n6
b6n6
b7n6
b8n6
b0n7
b1n7
b2n7
b3n7
b4n7
b5n7
b6n7
b7n7
b8n7
b0n8
b1n8
b2n8
b3n8
b4n8
b5n8
b6n8
b8n8
b0n9
b1n9
b2n9
b4n9
b5n9
b6n9
b8n9
0 75 143 211
0 90 158 226
0 98 166 234
0 104 172 240
0 112 180 248
0 121 189 257
1 76 143 211
1 91 158 226
1 105 172 240
1 113 180 248
1 122 189 257
1 129 197 265
2 77 143 211
2 92 158 226
2 99 166 234
2 106 172 240
2 114 180 248
2 123 189 257
2 130 197 265
3 70 136 204
3 78 143 212
3 100 166 235
3 107 172 241
3 115 180 249
4 71 136 204
4 79 143 212
4 108 172 241
4 116 180 249
4 124 189 258
4 131 197 266
5 72 136 204
5 101 166 235
5 109 172 241
5 117 180 249
5 125 189 258
5 132 197 266
6 81 143 213
6 96 158 227
6 110 172 242
6 119 180 250
6 127 189 259
6 134 197 267
7 82 143 213
7 97 158 227
7 111 172 242
7 120 180 250
7 128 189 259
7 135 197 267
8 76 144 211
8 84 151 219
8 105 173 240
8 113 181 248
8 122 190 257
8 129 198 265
9 77 144 211
9 85 151 219
9 99 167 234
9 106 173 240
9 114 181 248
9 123 190 257
9 130 198 265
10 79 144 212
10 87 151 220
10 108 173 241
10 116 181 249
10 124 190 258
10 131 198 266
11 101 167 235
11 109 173 241
11 117 181 249
11 125 190 258
11 132 198 266
12 80 144 213
12 118 181 250
12 126 190 259
12 133 198 267
13 81 144 213
13 110 173 242
13 119 181 250
13 127 190 259
13 134 198 267
14 82 144 213
14 111 173 242
14 120 181 250
14 128 190 259
14 135 198 267
15 75 145 211
15 83 152 219
15 90 159 226
15 104 174 240
15 112 182 248
15 121 191 257
16 76 145 211
16 84 152 219
16 91 159 226
16 105 174 240
16 113 182 248
16 122 191 257
16 129 199 265
17 77 145 211
17 85 152 219
17 92 159 226
17 106 174 240
17 114 182 248
17 123 191 257
17 130 199 265
18 78 145 212
18 86 152 220
18 107 174 241
18 115 182 249
19 79 145 212
19 87 152 220
19 108 174 241
19 116 182 249
19 124 191 258
19 131 199 266
20 109 174 241
20 117 182 249
20 125 191 258
20 132 199 266
21 81 145 213
21 96 159 227
21 110 174 242
21 119 182 250
21 127 191 259
21 134 199 267
22 68 137 205
22 76 146 214
22 84 153 221
22 91 160 228
22 105 175 243
22 113 183 251
22 122 192 260
23 69 137 205
23 77 146 214
23 85 153 221
23 92 160 228
23 99 168 236
23 106 175 243
23 114 183 251
23 123 192 260
24 70 137 206
24 107 175 244
24 115 183 252
25 71 137 206
25 93 160 229
25 108 175 244
25 116 183 252
25 124 192 261
26 72 137 206
26 94 160 229
26 109 175 244
26 117 183 252
26 125 192 261
27 80 146 215
27 95 160 230
27 102 168 237
27 118 183 253
27 126 192 262
28 73 137 207
28 81 146 215
28 88 153 222
28 96 160 230
28 103 168 237
28 119 183 253
28 127 192 262
29 74 137 207
29 82 146 215
29 89 153 222
29 97 160 230
29 120 183 253
29 128 192 262
30 83 154 221
30 90 161 228
30 98 169 236
30 112 184 251
30 121 193 260
31 68 138 205
31 84 154 221
31 91 161 228
31 113 184 251
31 122 193 260
32 69 138 205
32 85 154 221
32 92 161 228
32 99 169 236
32 114 184 251
32 123 193 260
33 70 138 206
33 115 184 252
34 71 138 206
34 93 161 229
34 116 184 252
34 124 193 261
34 131 200 268
35 73 138 207
35 88 154 222
35 96 161 230
35 103 169 237
35 119 184 253
35 127 193 262
35 134 200 269
36 74 138 207
36 89 154 222
36 97 161 230
36 120 184 253
36 128 193 262
36 135 200 269
37 75 147 214
37 90 162 228
37 104 176 243
37 112 185 251
37 121 194 260
38 68 139 205
38 76 147 214
38 91 162 228
38 105 176 243
38 113 185 251
38 122 194 260
39 69 139 205
39 77 147 214
39 92 162 228
39 106 176 243
39 114 185 251
39 123 194 260
40 70 139 206
40 107 176 244
40 115 185 252
41 80 147 215
41 95 162 230
41 118 185 253
41 126 194 262
41 133 201 269
42 73 139 207
42 81 147 215
42 96 162 230
42 119 185 253
42 127 194 262
42 134 201 269
43 74 139 207
43 82 147 215
43 97 162 230
43 120 185 253
43 128 194 262
43 135 201 269
44 75 148 216
44 83 155 223
44 90 163 231
44 104 177 245
44 112 186 254
45 69 140 208
45 77 148 216
45 85 155 223
45 92 163 231
45 106 177 245
45 114 186 254
45 130 202 270
46 71 140 209
46 79 148 217
46 87 155 224
46 93 163 232
46 108 177 246
46 116 186 255
47 72 140 209
47 94 163 232
47 109 177 246
47 117 186 255
48 80 148 218
48 95 163 233
48 118 186 256
48 133 202 271
49 73 140 210
49 81 148 218
49 88 155 225
49 96 163 233
49 110 177 247
49 119 186 256
49 134 202 271
50 74 140 210
50 82 148 218
50 89 155 225
50 97 163 233
50 111 177 247
50 120 186 256
50 135 202 271
51 75 149 216
51 83 156 223
51 90 164 231
51 104 178 245
51 112 187 254
51 121 195 263
52 68 141 208
52 76 149 216
52 84 156 223
52 91 164 231
52 105 178 245
52 113 187 254
52 122 195 263
53 69 141 208
53 77 149 216
53 85 156 223
53 92 164 231
53 106 178 245
53 114 187 254
53 123 195 263
54 71 141 209
54 79 149 217
54 87 156 224
54 93 164 232
54 108 178 246
54 116 187 255
55 72 141 209
55 94 164 232
55 101 170 238
55 109 178 246
55 117 187 255
56 80 149 218
56 95 164 233
56 102 170 239
56 118 187 256
56 126 195 264
57 73 141 210
57 81 149 218
57 88 156 225
57 96 164 233
57 103 170 239
57 110 178 247
57 119 187 256
57 127 195 264
58 74 141 210
58 82 149 218
58 89 156 225
58 97 164 233
58 111 178 247
58 120 187 256
58 128 195 264
59 75 150 216
59 83 157 223
59 90 165 231
59 104 179 245
59 112 188 254
59 121 196 263
60 68 142 208
60 76 150 216
60 84 157 223
60 91 165 231
60 105 179 245
60 113 188 254
60 122 196 263
60 129 203 270
61 69 142 208
61 77 150 216
61 85 157 223
61 92 165 231
61 106 179 245
61 114 188 254
61 123 196 263
61 130 203 270
62 70 142 209
62 78 150 217
62 86 157 224
62 100 171 238
62 107 179 246
62 115 188 255
63 71 142 209
63 79 150 217
63 87 157 224
63 93 165 232
63 108 179 246
63 116 188 255
64 72 142 209
64 94 165 232
64 101 171 238
64 109 179 246
64 117 188 255
65 80 150 218
65 95 165 233
65 102 171 239
65 118 188 256
65 126 196 264
65 133 203 271
66 73 142 210
66 81 150 218
66 88 157 225
66 96 165 233
66 103 171 239
66 110 179 247
66 119 188 256
66 127 196 264
66 134 203 271
67 74 142 210
67 82 150 218
67 89 157 225
67 97 165 233
67 111 179 247
67 120 188 256
67 128 196 264
67 135 203 271