248 0 333
c1l1
c2l1
c4l1
c6l1
c7l1
c8l1
c9l1
c4l2
c5l2
c6l2
c7l2
c9l2
c2l3
c5l3
c6l3
c8l3
c9l3
c2l4
c3l4
c4l4
c6l4
c7l4
c8l4
c1l5
c3l5
c5l5
c6l5
c7l5
c1l6
c4l6
c5l6
c6l6
c7l6
c8l6
c9l6
c1l7
c2l7
c3l7
c4l7
c5l7
c6l7
c7l7
c8l7
c9l7
c1l8
c2l8
c3l8
c4l8
c5l8
c6l8
c7l8
c8l8
c9l8
c1l9
c2l9
c3l9
c4l9
c5l9
c6l9
c7l9
c8l9
c9l9
c1n1
c3n1
c4n1
c6n1
c7n1
c8n1
c9n1
c2n2
c3n2
c4n2
c5n2
c6n2
c7n2
c8n2
c1n3
c4n3
c5n3
c6n3
c9n3
c2n4
c3n4
c4n4
c5n4
c6n4
c7n4
c8n4
c9n4
c2n5
c5n5
c6n5
c7n5
c8n5
c9n5
c1n6
c2n6
c4n6
c5n6
c6n6
c7n6
c8n6
c9n6
c1n7
c3n7
c4n7
c5n7
c6n7
c7n7
c8n7
c9n7
c1n8
c2n8
c4n8
c6n8
c7n8
c8n8
c9n8
c1n9
c2n9
c3n9
c5n9
c6n9
c7n9
l3n1
l4n1
l5n1
l6n1
l7n1
l8n1
l9n1
l1n2
l2n2
l4n2
l6n2
l7n2
l8n2
l9n2
l2n3
l4n3
l7n3
l8n3
l9n3
l1n4
l3n4
l4n4
l5n4
l6n4
l7n4
l8n4
l9n4
l1n5
l5n5
l6n5
l7n5
l8n5
l9n5
l1n6
l2n6
l4n6
l5n6
l6n6
l7n6
l8n6
l9n6
l1n7
l2n7
l3n7
l4n7
l6n7
l7n7
l8n7
l9n7
l1n8
l2n8
l3n8
l5n8
l7n8
l8n8
l9n8
l1n9
l3n9
l6n9
l7n9
l8n9
l9n9
b2n1
b3n1
b4n1
b5n1
b6n1
b7n1
b8n1
b1n2
b2n2
b3n2
b4n2
b6n2
b7n2
b8n2
b1n3
b4n3
b6n3
b7n3
b8n3
b1n4
b2n4
b3n4
b4n4
b5n4
b6n4
b7n4
b8n4
b2n5
b4n5
b5n5
b6n5
b7n5
b8n5
b1n6
b2n6
b3n6
b4n6
b5n6
b6n6
b7n6
b8n6
b0n7
b1n7
b2n7
b4n7
b5n7
b6n7
b7n7
b8n7
b0n8
b1n8
b2n8
b5n8
b6n8
b7n8
b8n8
b0n9
b1n9
b3n9
b6n9
b7n9
b8n9
0 103 165 227
0 111 173 235
0 118 180 242
1 112 173 235
1 119 180 242
2 71 131 193
2 83 143 205
2 97 157 219
2 105 165 228
2 113 173 236
3 73 131 193
3 85 143 205
3 99 157 219
3 107 165 228
3 114 173 236
3 122 180 243
4 74 131 194
4 86 143 206
4 92 151 213
4 100 157 220
4 108 165 229
4 115 173 237
5 75 131 194
5 87 143 206
5 93 151 213
5 101 157 220
5 109 165 229
5 116 173 237
6 88 143 206
6 94 151 213
6 102 157 220
6 110 165 229
6 117 173 237
7 71 132 193
7 77 138 200
7 97 158 219
7 105 166 228
7 113 174 236
8 72 132 193
8 78 138 200
8 98 158 219
8 106 166 228
9 73 132 193
9 79 138 200
9 99 158 219
9 107 166 228
9 114 174 236
10 74 132 194
10 100 158 220
10 108 166 229
10 115 174 237
11 102 158 220
11 110 166 229
11 117 174 237
12 112 175 235
12 119 181 242
13 84 144 205
13 106 167 228
13 121 181 243
14 85 144 205
14 107 167 228
14 114 175 236
14 122 181 243
15 67 124 186
15 87 144 206
15 109 167 229
15 116 175 237
16 68 124 186
16 88 144 206
16 110 167 229
16 117 175 237
17 69 133 195
17 81 145 207
17 96 159 221
18 63 125 187
18 70 133 195
18 82 145 207
19 64 125 188
19 71 133 196
19 77 139 201
19 83 145 208
19 97 159 222
19 105 168 230
20 65 125 188
20 73 133 196
20 79 139 201
20 85 145 208
20 99 159 222
20 107 168 230
21 66 125 189
21 86 145 209
21 100 159 223
21 108 168 231
22 67 125 189
22 87 145 209
22 101 159 223
22 109 168 231
23 62 126 187
23 95 160 221
24 63 126 187
24 82 146 207
25 84 146 208
25 90 152 214
25 98 160 222
26 65 126 188
26 85 146 208
26 91 152 214
26 99 160 222
27 66 126 189
27 86 146 209
27 92 152 215
27 100 160 223
27 115 176 238
28 62 127 187
28 95 161 221
28 118 182 244
29 64 127 188
29 71 134 196
29 83 147 208
29 97 161 222
29 105 169 230
30 72 134 196
30 84 147 208
30 90 153 214
30 98 161 222
30 106 169 230
31 65 127 188
31 73 134 196
31 85 147 208
31 91 153 214
31 99 161 222
31 107 169 230
32 66 127 189
32 86 147 209
32 92 153 215
32 100 161 223
32 108 169 231
33 67 127 189
33 87 147 209
33 93 153 215
33 101 161 223
33 109 169 231
34 68 127 189
34 88 147 209
34 94 153 215
34 102 161 223
34 110 169 231
35 62 128 190
35 76 140 202
35 95 162 224
35 103 170 232
35 111 177 239
35 118 183 245
36 69 135 197
36 81 148 210
36 89 154 216
36 96 162 224
36 112 177 239
36 119 183 245
37 63 128 190
37 70 135 197
37 82 148 210
37 104 170 232
37 120 183 245
38 64 128 191
38 71 135 198
38 77 140 203
38 83 148 211
38 97 162 225
38 105 170 233
38 113 177 240
39 72 135 198
39 78 140 203
39 84 148 211
39 90 154 217
39 98 162 225
39 106 170 233
39 121 183 246
40 65 128 191
40 73 135 198
40 79 140 203
40 85 148 211
40 91 154 217
40 99 162 225
40 107 170 233
40 114 177 240
40 122 183 246
41 66 128 192
41 74 135 199
41 86 148 212
41 92 154 218
41 100 162 226
41 108 170 234
41 115 177 241
41 123 183 247
42 67 128 192
42 75 135 199
42 87 148 212
42 93 154 218
42 101 162 226
42 109 170 234
42 116 177 241
43 68 128 192
43 80 140 204
43 88 148 212
43 94 154 218
43 102 162 226
43 110 170 234
43 117 177 241
44 62 129 190
44 76 141 202
44 95 163 224
44 103 171 232
44 111 178 239
44 118 184 245
45 69 136 197
45 81 149 210
45 89 155 216
45 96 163 224
45 112 178 239
45 119 184 245
46 63 129 190
46 70 136 197
46 82 149 210
46 104 171 232
46 120 184 245
47 64 129 191
47 71 136 198
47 77 141 203
47 83 149 211
47 97 163 225
47 105 171 233
47 113 178 240
48 72 136 198
48 78 141 203
48 84 149 211
48 90 155 217
48 98 163 225
48 106 171 233
48 121 184 246
49 65 129 191
49 73 136 198
49 79 141 203
49 85 149 211
49 91 155 217
49 99 163 225
49 107 171 233
49 114 178 240
49 122 184 246
50 66 129 192
50 74 136 199
50 86 149 212
50 92 155 218
50 100 163 226
50 108 171 234
50 115 178 241
50 123 184 247
51 67 129 192
51 75 136 199
51 87 149 212
51 93 155 218
51 101 163 226
51 109 171 234
51 116 178 241
52 68 129 192
52 80 141 204
52 88 149 212
52 94 155 218
52 102 163 226
52 110 171 234
52 117 178 241
53 62 130 190
53 76 142 202
53 95 164 224
53 103 172 232
53 111 179 239
53 118 185 245
54 69 137 197
54 81 150 210
54 89 156 216
54 96 164 224
54 112 179 239
54 119 185 245
55 63 130 190
55 70 137 197
55 82 150 210
55 104 172 232
55 120 185 245
56 64 130 191
56 71 137 198
56 77 142 203
56 83 150 211
56 97 164 225
56 105 172 233
56 113 179 240
57 72 137 198
57 78 142 203
57 84 150 211
57 90 156 217
57 98 164 225
57 106 172 233
57 121 185 246
58 65 130 191
58 73 137 198
58 79 142 203
58 85 150 211
58 91 156 217
58 99 164 225
58 107 172 233
58 114 179 240
58 122 185 246
59 66 130 192
59 74 137 199
59 86 150 212
59 92 156 218
59 100 164 226
59 108 172 234
59 115 179 241
59 123 185 247
60 67 130 192
60 75 137 199
60 87 150 212
60 93 156 218
60 101 164 226
60 109 172 234
60 116 179 241
61 68 130 192
61 80 142 204
61 88 150 212
61 94 156 218
61 102 164 226
61 110 172 234
61 117 179 241