268 0 415
c1l1
c2l1
c4l1
c6l1
c7l1
c8l1
c9l1
c4l2
c5l2
c6l2
c7l2
c9l2
c2l3
c5l3
c6l3
c8l3
c9l3
c2l4
c3l4
c4l4
c6l4
c7l4
c8l4
c1l5
c3l5
c4l5
c5l5
c6l5
c7l5
c8l5
c9l5
c1l6
c2l6
c3l6
c4l6
c5l6
c6l6
c7l6
c8l6
c9l6
c1l7
c2l7
c3l7
c4l7
c5l7
c6l7
c7l7
c8l7
c9l7
c1l8
c2l8
c3l8
c4l8
c5l8
c6l8
c7l8
c8l8
c9l8
c1l9
c2l9
c3l9
c4l9
c5l9
c6l9
c7l9
c8l9
c9l9
c1n1
c3n1
c4n1
c6n1
c7n1
c8n1
c9n1
c2n2
c3n2
c4n2
c5n2
c6n2
c7n2
c8n2
c9n2
c1n3
c2n3
c4n3
c5n3
c6n3
c8n3
c9n3
c2n4
c3n4
c4n4
c5n4
c6n4
c7n4
c8n4
c9n4
c2n5
c5n5
c6n5
c7n5
c8n5
c9n5
c1n6
c2n6
c4n6
c5n6
c6n6
c7n6
c8n6
c9n6
c1n7
c3n7
c4n7
c5n7
c6n7
c7n7
c8n7
c9n7
c1n8
c2n8
c3n8
c4n8
c6n8
c7n8
c8n8
c9n8
c1n9
c2n9
c3n9
c4n9
c5n9
c6n9
c7n9
l3n1
l4n1
l5n1
l6n1
l7n1
l8n1
l9n1
l1n2
l2n2
l4n2
l5n2
l6n2
l7n2
l8n2
l9n2
l2n3
l4n3
l5n3
l6n3
l7n3
l8n3
l9n3
l1n4
l3n4
l4n4
l5n4
l6n4
l7n4
l8n4
l9n4
l1n5
l5n5
l6n5
l7n5
l8n5
l9n5
l1n6
l2n6
l4n6
l5n6
l6n6
l7n6
l8n6
l9n6
l1n7
l2n7
l3n7
l4n7
l6n7
l7n7
l8n7
l9n7
l1n8
l2n8
l3n8
l5n8
l6n8
l7n8
l8n8
l9n8
l1n9
l3n9
l5n9
l6n9
l7n9
l8n9
l9n9
b2n1
b3n1
b4n1
b5n1
b6n1
b7n1
b8n1
b1n2
b2n2
b3n2
b4n2
b5n2
b6n2
b7n2
b8n2
b1n3
b3n3
b4n3
b5n3
b6n3
b7n3
b8n3
b1n4
b2n4
b3n4
b4n4
b5n4
b6n4
b7n4
b8n4
b2n5
b4n5
b5n5
b6n5
b7n5
b8n5
b1n6
b2n6
b3n6
b4n6
b5n6
b6n6
b7n6
b8n6
b0n7
b1n7
b2n7
b4n7
b5n7
b6n7
b7n7
b8n7
b0n8
b1n8
b2n8
b3n8
b5n8
b6n8
b7n8
b8n8
b0n9
b1n9
b3n9
b4n9
b6n9
b7n9
b8n9
0 111 178 245
0 119 186 253
0 127 194 261
1 120 186 253
1 128 194 261
2 76 141 208
2 91 156 223
2 105 170 237
2 113 178 246
2 122 186 254
2 130 194 262
3 78 141 208
3 93 156 223
3 107 170 237
3 115 178 246
3 123 186 254
3 132 194 262
4 79 141 209
4 94 156 224
4 100 164 231
4 108 170 238
4 116 178 247
4 124 186 255
5 80 141 209
5 95 156 224
5 101 164 231
5 109 170 238
5 117 178 247
5 125 186 255
6 81 141 209
6 96 156 224
6 102 164 231
6 110 170 238
6 118 178 247
6 126 186 255
7 76 142 208
7 84 149 216
7 105 171 237
7 113 179 246
7 122 187 254
8 77 142 208
8 85 149 216
8 106 171 237
8 114 179 246
9 78 142 208
9 86 149 216
9 107 171 237
9 115 179 246
9 123 187 254
10 79 142 209
10 108 171 238
10 116 179 247
10 124 187 255
11 81 142 209
11 110 171 238
11 118 179 247
11 126 187 255
12 120 188 253
12 128 195 261
13 92 157 223
13 114 180 246
13 131 195 262
14 93 157 223
14 115 180 246
14 123 188 254
14 132 195 262
15 72 134 201
15 95 157 224
15 117 180 247
15 125 188 255
16 73 134 201
16 96 157 224
16 118 180 247
16 126 188 255
17 74 143 210
17 83 150 217
17 89 158 225
17 104 172 239
18 68 135 202
18 75 143 210
18 90 158 225
19 69 135 203
19 76 143 211
19 84 150 218
19 91 158 226
19 105 172 240
19 113 181 248
20 70 135 203
20 78 143 211
20 86 150 218
20 93 158 226
20 107 172 240
20 115 181 248
21 71 135 204
21 79 143 212
21 94 158 227
21 108 172 241
21 116 181 249
22 72 135 204
22 80 143 212
22 87 150 219
22 95 158 227
22 109 172 241
22 117 181 249
23 67 136 202
23 82 151 217
23 103 173 239
23 119 189 256
23 127 196 263
24 68 136 202
24 75 144 210
24 90 159 225
24 121 189 256
24 129 196 263
25 69 136 203
25 76 144 211
25 84 151 218
25 91 159 226
25 105 173 240
25 130 196 264
26 77 144 211
26 85 151 218
26 92 159 226
26 98 165 232
26 106 173 240
26 131 196 264
27 70 136 203
27 78 144 211
27 86 151 218
27 93 159 226
27 99 165 232
27 107 173 240
27 132 196 264
28 71 136 204
28 79 144 212
28 94 159 227
28 100 165 233
28 108 173 241
28 124 189 257
29 72 136 204
29 80 144 212
29 87 151 219
29 95 159 227
29 101 165 233
29 109 173 241
29 125 189 257
30 73 136 204
30 81 144 212
30 88 151 219
30 96 159 227
30 102 165 233
30 110 173 241
30 126 189 257
31 67 137 202
31 82 152 217
31 103 174 239
31 119 190 256
31 127 197 263
32 74 145 210
32 83 152 217
32 89 160 225
32 104 174 239
32 120 190 256
32 128 197 263
33 68 137 202
33 75 145 210
33 90 160 225
33 121 190 256
33 129 197 263
34 69 137 203
34 76 145 211
34 84 152 218
34 91 160 226
34 105 174 240
34 113 182 248
34 130 197 264
35 77 145 211
35 85 152 218
35 92 160 226
35 98 166 232
35 106 174 240
35 114 182 248
35 131 197 264
36 70 137 203
36 78 145 211
36 86 152 218
36 93 160 226
36 99 166 232
36 107 174 240
36 115 182 248
36 132 197 264
37 71 137 204
37 79 145 212
37 94 160 227
37 100 166 233
37 108 174 241
37 116 182 249
37 124 190 257
38 72 137 204
38 80 145 212
38 87 152 219
38 95 160 227
38 101 166 233
38 109 174 241
38 117 182 249
38 125 190 257
39 73 137 204
39 81 145 212
39 88 152 219
39 96 160 227
39 102 166 233
39 110 174 241
39 118 182 249
39 126 190 257
40 67 138 205
40 82 153 220
40 103 175 242
40 111 183 250
40 119 191 258
40 127 198 265
41 74 146 213
41 83 153 220
41 89 161 228
41 97 167 234
41 104 175 242
41 120 191 258
41 128 198 265
42 68 138 205
42 75 146 213
42 90 161 228
42 112 183 250
42 121 191 258
42 129 198 265
43 69 138 206
43 76 146 214
43 84 153 221
43 91 161 229
43 105 175 243
43 113 183 251
43 122 191 259
43 130 198 266
44 77 146 214
44 85 153 221
44 92 161 229
44 98 167 235
44 106 175 243
44 114 183 251
44 131 198 266
45 70 138 206
45 78 146 214
45 86 153 221
45 93 161 229
45 99 167 235
45 107 175 243
45 115 183 251
45 123 191 259
45 132 198 266
46 71 138 207
46 79 146 215
46 94 161 230
46 100 167 236
46 108 175 244
46 116 183 252
46 124 191 260
46 133 198 267
47 72 138 207
47 80 146 215
47 87 153 222
47 95 161 230
47 101 167 236
47 109 175 244
47 117 183 252
47 125 191 260
48 73 138 207
48 81 146 215
48 88 153 222
48 96 161 230
48 102 167 236
48 110 175 244
48 118 183 252
48 126 191 260
49 67 139 205
49 82 154 220
49 103 176 242
49 111 184 250
49 119 192 258
49 127 199 265
50 74 147 213
50 83 154 220
50 89 162 228
50 97 168 234
50 104 176 242
50 120 192 258
50 128 199 265
51 68 139 205
51 75 147 213
51 90 162 228
51 112 184 250
51 121 192 258
51 129 199 265
52 69 139 206
52 76 147 214
52 84 154 221
52 91 162 229
52 105 176 243
52 113 184 251
52 122 192 259
52 130 199 266
53 77 147 214
53 85 154 221
53 92 162 229
53 98 168 235
53 106 176 243
53 114 184 251
53 131 199 266
54 70 139 206
54 78 147 214
54 86 154 221
54 93 162 229
54 99 168 235
54 107 176 243
54 115 184 251
54 123 192 259
54 132 199 266
55 71 139 207
55 79 147 215
55 94 162 230
55 100 168 236
55 108 176 244
55 116 184 252
55 124 192 260
55 133 199 267
56 72 139 207
56 80 147 215
56 87 154 222
56 95 162 230
56 101 168 236
56 109 176 244
56 117 184 252
56 125 192 260
57 73 139 207
57 81 147 215
57 88 154 222
57 96 162 230
57 102 168 236
57 110 176 244
57 118 184 252
57 126 192 260
58 67 140 205
58 82 155 220
58 103 177 242
58 111 185 250
58 119 193 258
58 127 200 265
59 74 148 213
59 83 155 220
59 89 163 228
59 97 169 234
59 104 177 242
59 120 193 258
59 128 200 265
60 68 140 205
60 75 148 213
60 90 163 228
60 112 185 250
60 121 193 258
60 129 200 265
61 69 140 206
61 76 148 214
61 84 155 221
61 91 163 229
61 105 177 243
61 113 185 251
61 122 193 259
61 130 200 266
62 77 148 214
62 85 155 221
62 92 163 229
62 98 169 235
62 106 177 243
62 114 185 251
62 131 200 266
63 70 140 206
63 78 148 214
63 86 155 221
63 93 163 229
63 99 169 235
63 107 177 243
63 115 185 251
63 123 193 259
63 132 200 266
64 71 140 207
64 79 148 215
64 94 163 230
64 100 169 236
64 108 177 244
64 116 185 252
64 124 193 260
64 133 200 267
65 72 140 207
65 80 148 215
65 87 155 222
65 95 163 230
65 101 169 236
65 109 177 244
65 117 185 252
65 125 193 260
66 73 140 207
66 81 148 215
66 88 155 222
66 96 163 230
66 102 169 236
66 110 177 244
66 118 185 252
66 126 193 260