208 0 179
c1l1
c2l1
c4l1
c6l1
c7l1
c8l1
c9l1
c4l2
c5l2
c6l2
c7l2
c9l2
c2l3
c5l3
c6l3
c8l3
c9l3
c2l4
c3l4
c4l4
c6l4
c7l4
c8l4
c1l5
c3l5
c5l5
c6l5
c7l5
c1l6
c4l6
c5l6
c7l6
c9l6
c1l7
c2l7
c3l7
c6l7
c8l7
c1l8
c2l8
c3l8
c5l8
c6l8
c7l8
c8l8
c3l9
c4l9
c5l9
c6l9
c7l9
c8l9
c9l9
c1n1
c3n1
c4n1
c6n1
c7n1
c8n1
c9n1
c3n2
c5n2
c6n2
c7n2
c8n2
c5n3
c6n3
c2n4
c3n4
c4n4
c5n4
c8n4
c9n4
c2n5
c5n5
c6n5
c7n5
c8n5
c9n5
c1n6
c2n6
c4n6
c6n6
c7n6
c9n6
c1n7
c3n7
c4n7
c5n7
c6n7
c7n7
c8n7
c9n7
c1n8
c2n8
c4n8
c6n8
c7n8
c8n8
c1n9
c2n9
c3n9
c5n9
c6n9
c7n9
l3n1
l4n1
l5n1
l6n1
l7n1
l8n1
l9n1
l1n2
l2n2
l4n2
l6n2
l8n2
l2n3
l4n3
l1n4
l3n4
l4n4
l5n4
l8n4
l9n4
l1n5
l5n5
l6n5
l7n5
l8n5
l9n5
l1n6
l2n6
l4n6
l5n6
l8n6
l9n6
l1n7
l2n7
l3n7
l4n7
l6n7
l7n7
l8n7
l9n7
l1n8
l2n8
l3n8
l5n8
l7n8
l9n8
l1n9
l3n9
l6n9
l7n9
l8n9
l9n9
b2n1
b3n1
b4n1
b5n1
b6n1
b7n1
b8n1
b1n2
b2n2
b3n2
b4n2
b8n2
b1n3
b4n3
b1n4
b2n4
b3n4
b5n4
b6n4
b7n4
b2n5
b4n5
b5n5
b6n5
b7n5
b8n5
b1n6
b2n6
b3n6
b4n6
b6n6
b8n6
b0n7
b1n7
b2n7
b4n7
b5n7
b6n7
b7n7
b8n7
b0n8
b1n8
b2n8
b5n8
b6n8
b7n8
b0n9
b1n9
b3n9
b6n9
b7n9
b8n9
0 84 136 188
0 92 144 196
0 98 150 202
1 93 144 196
1 99 150 202
2 68 118 170
2 80 130 182
2 86 136 189
2 94 144 197
3 61 111 163
3 81 130 182
3 88 136 189
3 95 144 197
3 102 150 203
4 62 111 164
4 75 124 176
4 82 130 183
4 89 136 190
4 96 144 198
5 63 111 164
5 70 118 171
5 76 124 176
5 90 136 190
5 97 144 198
6 71 118 171
6 77 124 176
6 83 130 183
6 91 136 190
7 80 131 182
7 86 137 189
7 94 145 197
8 60 112 163
8 64 116 168
8 87 137 189
9 61 112 163
9 65 116 168
9 81 131 182
9 88 137 189
9 95 145 197
10 62 112 164
10 82 131 183
10 89 137 190
10 96 145 198
11 83 131 183
11 91 137 190
12 93 146 196
12 99 151 202
13 69 119 170
13 87 138 189
13 101 151 203
14 88 138 189
14 95 146 197
14 102 151 203
15 57 104 156
15 70 119 171
15 90 138 190
15 97 146 198
16 58 104 156
16 71 119 171
16 91 138 190
17 66 120 172
17 79 132 184
18 53 105 157
18 59 113 165
18 67 120 172
19 54 105 158
19 80 132 185
19 86 139 191
20 55 105 158
20 61 113 166
20 65 117 169
20 81 132 185
20 88 139 191
21 56 105 159
21 89 139 192
22 57 105 159
22 70 120 173
22 90 139 192
23 52 106 157
23 78 133 184
24 53 106 157
24 67 121 172
25 73 125 177
26 55 106 158
26 74 125 177
26 81 133 185
27 56 106 159
27 75 125 178
27 96 147 199
28 52 107 157
28 98 152 204
29 54 107 158
29 86 140 191
30 60 114 166
30 73 126 177
30 87 140 191
31 56 107 159
31 75 126 178
31 89 140 192
32 58 107 159
32 77 126 178
32 91 140 192
33 52 108 160
33 84 141 193
33 92 148 200
33 98 153 205
34 72 127 179
34 93 148 200
34 99 153 205
35 53 108 160
35 85 141 193
35 100 153 205
36 55 108 161
36 74 127 180
36 88 141 194
36 95 148 201
36 102 153 206
37 57 108 162
37 76 127 181
37 90 141 195
38 52 109 160
38 78 134 186
38 84 142 193
38 98 154 205
39 66 122 174
39 72 128 179
39 79 134 186
39 99 154 205
40 53 109 160
40 67 122 174
40 85 142 193
40 100 154 205
41 69 122 175
41 73 128 180
41 87 142 194
41 101 154 206
42 55 109 161
42 74 128 180
42 88 142 194
42 102 154 206
43 56 109 162
43 62 115 167
43 75 128 181
43 82 134 187
43 89 142 195
43 103 154 207
44 57 109 162
44 63 115 167
44 76 128 181
44 90 142 195
45 53 110 160
45 67 123 174
45 85 143 193
45 100 155 205
46 54 110 161
46 68 123 175
46 86 143 194
46 94 149 201
47 69 123 175
47 73 129 180
47 87 143 194
47 101 155 206
48 55 110 161
48 74 129 180
48 88 143 194
48 95 149 201
48 102 155 206
49 56 110 162
49 75 129 181
49 82 135 187
49 89 143 195
49 103 155 207
50 57 110 162
50 76 129 181
50 90 143 195
51 58 110 162
51 77 129 181
51 83 135 187
51 91 143 195