272 0 440
c1l1
c2l1
c4l1
c6l1
c7l1
c8l1
c9l1
c4l2
c5l2
c6l2
c7l2
c9l2
c2l3
c5l3
c6l3
c8l3
c9l3
c2l4
c3l4
c4l4
c6l4
c7l4
c8l4
c1l5
c2l5
c3l5
c4l5
c5l5
c6l5
c7l5
c8l5
c9l5
c1l6
c2l6
c3l6
c4l6
c5l6
c6l6
c7l6
c8l6
c9l6
c1l7
c2l7
c3l7
c4l7
c5l7
c6l7
c7l7
c8l7
c9l7
c1l8
c2l8
c3l8
c4l8
c5l8
c6l8
c7l8
c8l8
c9l8
c1l9
c2l9
c3l9
c4l9
c5l9
c6l9
c7l9
c8l9
c9l9
c1n1
c3n1
c4n1
c6n1
c7n1
c8n1
c9n1
c2n2
c3n2
c4n2
c5n2
c6n2
c7n2
c8n2
c9n2
c1n3
c2n3
c4n3
c5n3
c6n3
c8n3
c9n3
c2n4
c3n4
c4n4
c5n4
c6n4
c7n4
c8n4
c9n4
c2n5
c5n5
c6n5
c7n5
c8n5
c9n5
c1n6
c2n6
c4n6
c5n6
c6n6
c7n6
c8n6
c9n6
c1n7
c2n7
c3n7
c4n7
c5n7
c6n7
c7n7
c8n7
c9n7
c1n8
c2n8
c3n8
c4n8
c6n8
c7n8
c8n8
c9n8
c1n9
c2n9
c3n9
c4n9
c5n9
c6n9
c7n9
l3n1
l4n1
l5n1
l6n1
l7n1
l8n1
l9n1
l1n2
l2n2
l4n2
l5n2
l6n2
l7n2
l8n2
l9n2
l2n3
l4n3
l5n3
l6n3
l7n3
l8n3
l9n3
l1n4
l3n4
l4n4
l5n4
l6n4
l7n4
l8n4
l9n4
l1n5
l5n5
l6n5
l7n5
l8n5
l9n5
l1n6
l2n6
l4n6
l5n6
l6n6
l7n6
l8n6
l9n6
l1n7
l2n7
l3n7
l4n7
l5n7
l6n7
l7n7
l8n7
l9n7
l1n8
l2n8
l3n8
l5n8
l6n8
l7n8
l8n8
l9n8
l1n9
l3n9
l5n9
l6n9
l7n9
l8n9
l9n9
b2n1
b3n1
b4n1
b5n1
b6n1
b7n1
b8n1
b1n2
b2n2
b3n2
b4n2
b5n2
b6n2
b7n2
b8n2
b1n3
b3n3
b4n3
b5n3
b6n3
b7n3
b8n3
b1n4
b2n4
b3n4
b4n4
b5n4
b6n4
b7n4
b8n4
b2n5
b4n5
b5n5
b6n5
b7n5
b8n5
b1n6
b2n6
b3n6
b4n6
b5n6
b6n6
b7n6
b8n6
b0n7
b1n7
b2n7
b3n7
b4n7
b5n7
b6n7
b7n7
b8n7
b0n8
b1n8
b2n8
b3n8
b5n8
b6n8
b7n8
b8n8
b0n9
b1n9
b3n9
b4n9
b6n9
b7n9
b8n9
0 112 180 248
0 121 189 257
0 129 197 265
1 113 180 248
1 122 189 257
1 130 197 265
2 77 143 211
2 92 158 226
2 106 172 240
2 115 180 249
2 124 189 258
2 132 197 266
3 79 143 211
3 94 158 226
3 108 172 240
3 117 180 249
3 125 189 258
3 134 197 266
4 80 143 212
4 95 158 227
4 101 166 234
4 109 172 241
4 118 180 250
4 126 189 259
5 81 143 212
5 96 158 227
5 102 166 234
5 110 172 241
5 119 180 250
5 127 189 259
6 82 143 212
6 97 158 227
6 103 166 234
6 111 172 241
6 120 180 250
6 128 189 259
7 77 144 211
7 85 151 219
7 106 173 240
7 115 181 249
7 124 190 258
8 78 144 211
8 86 151 219
8 107 173 240
8 116 181 249
9 79 144 211
9 87 151 219
9 108 173 240
9 117 181 249
9 125 190 258
10 80 144 212
10 109 173 241
10 118 181 250
10 126 190 259
11 82 144 212
11 111 173 241
11 120 181 250
11 128 190 259
12 113 182 248
12 122 191 257
12 130 198 265
13 93 159 226
13 116 182 249
13 133 198 266
14 94 159 226
14 117 182 249
14 125 191 258
14 134 198 266
15 73 136 204
15 96 159 227
15 119 182 250
15 127 191 259
16 74 136 204
16 97 159 227
16 120 182 250
16 128 191 259
17 75 145 213
17 84 152 220
17 90 160 228
17 105 174 242
17 113 183 251
18 69 137 205
18 76 145 213
18 91 160 228
18 114 183 251
19 70 137 206
19 77 145 214
19 85 152 221
19 92 160 229
19 106 174 243
19 115 183 252
20 71 137 206
20 79 145 214
20 87 152 221
20 94 160 229
20 108 174 243
20 117 183 252
21 72 137 207
21 80 145 215
21 95 160 230
21 109 174 244
21 118 183 253
22 73 137 207
22 81 145 215
22 88 152 222
22 96 160 230
22 110 174 244
22 119 183 253
23 68 138 205
23 83 153 220
23 104 175 242
23 112 184 251
23 121 192 260
23 129 199 267
24 75 146 213
24 84 153 220
24 90 161 228
24 105 175 242
24 113 184 251
24 122 192 260
24 130 199 267
25 69 138 205
25 76 146 213
25 91 161 228
25 114 184 251
25 123 192 260
25 131 199 267
26 70 138 206
26 77 146 214
26 85 153 221
26 92 161 229
26 106 175 243
26 115 184 252
26 132 199 268
27 78 146 214
27 86 153 221
27 93 161 229
27 99 167 235
27 107 175 243
27 116 184 252
27 133 199 268
28 71 138 206
28 79 146 214
28 87 153 221
28 94 161 229
28 100 167 235
28 108 175 243
28 117 184 252
28 134 199 268
29 72 138 207
29 80 146 215
29 95 161 230
29 101 167 236
29 109 175 244
29 118 184 253
29 126 192 261
30 73 138 207
30 81 146 215
30 88 153 222
30 96 161 230
30 102 167 236
30 110 175 244
30 119 184 253
30 127 192 261
31 74 138 207
31 82 146 215
31 89 153 222
31 97 161 230
31 103 167 236
31 111 175 244
31 120 184 253
31 128 192 261
32 68 139 205
32 83 154 220
32 104 176 242
32 112 185 251
32 121 193 260
32 129 200 267
33 75 147 213
33 84 154 220
33 90 162 228
33 105 176 242
33 113 185 251
33 122 193 260
33 130 200 267
34 69 139 205
34 76 147 213
34 91 162 228
34 114 185 251
34 123 193 260
34 131 200 267
35 70 139 206
35 77 147 214
35 85 154 221
35 92 162 229
35 106 176 243
35 115 185 252
35 132 200 268
36 78 147 214
36 86 154 221
36 93 162 229
36 99 168 235
36 107 176 243
36 116 185 252
36 133 200 268
37 71 139 206
37 79 147 214
37 87 154 221
37 94 162 229
37 100 168 235
37 108 176 243
37 117 185 252
37 134 200 268
38 72 139 207
38 80 147 215
38 95 162 230
38 101 168 236
38 109 176 244
38 118 185 253
38 126 193 261
39 73 139 207
39 81 147 215
39 88 154 222
39 96 162 230
39 102 168 236
39 110 176 244
39 119 185 253
39 127 193 261
40 74 139 207
40 82 147 215
40 89 154 222
40 97 162 230
40 103 168 236
40 111 176 244
40 120 185 253
40 128 193 261
41 68 140 208
41 83 155 223
41 104 177 245
41 112 186 254
41 121 194 262
41 129 201 269
42 75 148 216
42 84 155 223
42 90 163 231
42 98 169 237
42 105 177 245
42 113 186 254
42 122 194 262
42 130 201 269
43 69 140 208
43 76 148 216
43 91 163 231
43 114 186 254
43 123 194 262
43 131 201 269
44 70 140 209
44 77 148 217
44 85 155 224
44 92 163 232
44 106 177 246
44 115 186 255
44 124 194 263
44 132 201 270
45 78 148 217
45 86 155 224
45 93 163 232
45 99 169 238
45 107 177 246
45 116 186 255
45 133 201 270
46 71 140 209
46 79 148 217
46 87 155 224
46 94 163 232
46 100 169 238
46 108 177 246
46 117 186 255
46 125 194 263
46 134 201 270
47 72 140 210
47 80 148 218
47 95 163 233
47 101 169 239
47 109 177 247
47 118 186 256
47 126 194 264
47 135 201 271
48 73 140 210
48 81 148 218
48 88 155 225
48 96 163 233
48 102 169 239
48 110 177 247
48 119 186 256
48 127 194 264
49 74 140 210
49 82 148 218
49 89 155 225
49 97 163 233
49 103 169 239
49 111 177 247
49 120 186 256
49 128 194 264
50 68 141 208
50 83 156 223
50 104 178 245
50 112 187 254
50 121 195 262
50 129 202 269
51 75 149 216
51 84 156 223
51 90 164 231
51 98 170 237
51 105 178 245
51 113 187 254
51 122 195 262
51 130 202 269
52 69 141 208
52 76 149 216
52 91 164 231
52 114 187 254
52 123 195 262
52 131 202 269
53 70 141 209
53 77 149 217
53 85 156 224
53 92 164 232
53 106 178 246
53 115 187 255
53 124 195 263
53 132 202 270
54 78 149 217
54 86 156 224
54 93 164 232
54 99 170 238
54 107 178 246
54 116 187 255
54 133 202 270
55 71 141 209
55 79 149 217
55 87 156 224
55 94 164 232
55 100 170 238
55 108 178 246
55 117 187 255
55 125 195 263
55 134 202 270
56 72 141 210
56 80 149 218
56 95 164 233
56 101 170 239
56 109 178 247
56 118 187 256
56 126 195 264
56 135 202 271
57 73 141 210
57 81 149 218
57 88 156 225
57 96 164 233
57 102 170 239
57 110 178 247
57 119 187 256
57 127 195 264
58 74 141 210
58 82 149 218
58 89 156 225
58 97 164 233
58 103 170 239
58 111 178 247
58 120 187 256
58 128 195 264
59 68 142 208
59 83 157 223
59 104 179 245
59 112 188 254
59 121 196 262
59 129 203 269
60 75 150 216
60 84 157 223
60 90 165 231
60 98 171 237
60 105 179 245
60 113 188 254
60 122 196 262
60 130 203 269
61 69 142 208
61 76 150 216
61 91 165 231
61 114 188 254
61 123 196 262
61 131 203 269
62 70 142 209
62 77 150 217
62 85 157 224
62 92 165 232
62 106 179 246
62 115 188 255
62 124 196 263
62 132 203 270
63 78 150 217
63 86 157 224
63 93 165 232
63 99 171 238
63 107 179 246
63 116 188 255
63 133 203 270
64 71 142 209
64 79 150 217
64 87 157 224
64 94 165 232
64 100 171 238
64 108 179 246
64 117 188 255
64 125 196 263
64 134 203 270
65 72 142 210
65 80 150 218
65 95 165 233
65 101 171 239
65 109 179 247
65 118 188 256
65 126 196 264
65 135 203 271
66 73 142 210
66 81 150 218
66 88 157 225
66 96 165 233
66 102 171 239
66 110 179 247
66 119 188 256
66 127 196 264
67 74 142 210
67 82 150 218
67 89 157 225
67 97 165 233
67 103 171 239
67 111 179 247
67 120 188 256
67 128 196 264