45 30 225
0
1
2
3
4
5
6
7
8
9
10
11
12
13
14
15
16
17
18
19
20
21
22
23
24
25
26
27
28
29
30
31
32
33
34
35
36
37
38
39
40
41
42
43
44
30  0:1 2:0
30  2:1 4:0
30  4:1 6:0
30  6:1 8:0
30  8:1 10:0
30  10:1 12:0
30  12:1 14:0
30  14:1 16:0
30  16:1 18:0
30  18:1 20:0
30  20:1 22:0
30  22:1 24:0
30  24:1 26:0
30  26:1 28:0
30  28:1
31 
31 
31 
31 
31 
31 
31 
31 
31 
31 
31 
31 
31 
31 
31 
32 
32 
32 
32 
32 
32 
32 
32 
32 
32 
32 
32 
32 
32 
32 
33 
33 
33 
33 
33 
33 
33 
33 
33 
33 
33 
33 
33 
33 
33 
34 
34 
34 
34 
34 
34 
34 
34 
34 
34 
34 
34 
34 
34 
34 
35 
35 
35 
35 
35 
35 
35 
35 
35 
35 
35 
35 
35 
35 
35 
36 
36 
36 
36 
36 
36 
36 
36 
36 
36 
36 
36 
36 
36 
36 
37 
37 
37 
37 
37 
37 
37 
37 
37 
37 
37 
37 
37 
37 
37 
38 
38 
38 
38 
38 
38 
38 
38 
38 
38 
38 
38 
38 
38 
38 
39 
39 
39 
39 
39 
39 
39 
39 
39 
39 
39 
39 
39 
39 
39 
40 
40 
40 
40 
40 
40 
40 
40 
40 
40 
40 
40 
40 
40 
40 
41  1:1 
41  3:1 
41  5:1 
41  7:1 
41  9:1 
41  11:1 
41  13:1 
41  15:1 
41  17:1 
41  19:1 
41  21:1 
41  23:1 
41  25:1 
41  27:1 
41  29:1 
42  1:1 
42  3:1 
42  5:1 
42  7:1 
42  9:1 
42  11:1 
42  13:1 
42  15:1 
42  17:1 
42  19:1 
42  21:1 
42  23:1 
42  25:1 
42  27:1 
42  29:1 
43  1:1 
43  3:1 
43  5:1 
43  7:1 
43  9:1 
43  11:1 
43  13:1 
43  15:1 
43  17:1 
43  19:1 
43  21:1 
43  23:1 
43  25:1 
43  27:1 
43  29:1 
44  1:1 
44  3:1 
44  5:1 
44  7:1 
44  9:1 
44  11:1 
44  13:1 
44  15:1 
44  17:1 
44  19:1 
44  21:1 
44  23:1 
44  25:1 
44  27:1 
44  29:1 
